   0  1.000000000000000e+00
   1  2.718281828459045e+00
   2  7.389056098930650e+00
   3  2.008553692318766e+01
   4  5.459815003314423e+01
   5  1.484131591025766e+02
   6  4.034287934927350e+02
   7  1.096633158428458e+03
   8  2.980957987041727e+03
   9  8.103083927575381e+03
  10  2.202646579480671e+04
  11  5.987414171519779e+04
  12  1.627547914190039e+05
  13  4.424133920089203e+05
  14  1.202604284164776e+06
  15  3.269017372472109e+06
  16  8.886110520507867e+06
  17  2.415495275357528e+07
  18  6.565996913733046e+07
  19  1.784823009631871e+08
  20  4.851651954097899e+08
  21  1.318815734483213e+09
  22  3.584912846131588e+09
  23  9.744803446248894e+09
  24  2.648912212984344e+10
  25  7.200489933738580e+10
  26  1.957296094288385e+11
  27  5.320482406017980e+11
  28  1.446257064291474e+12
  29  3.931334297144037e+12
  30  1.068647458152445e+13
  31  2.904884966524739e+13
  32  7.896296018268059e+13
  33  2.146435797859158e+14
  34  5.834617425274541e+14
  35  1.586013452313428e+15
  36  4.311231547115189e+15
  37  1.171914237280259e+16
  38  3.185593175711370e+16
  39  8.659340042399362e+16
  40  2.353852668370196e+17
  41  6.398434935300539e+17
  42  1.739274941520498e+18
  43  4.727839468229338e+18
  44  1.285160011435929e+19
  45  3.493427105748503e+19
  46  9.496119420602432e+19
  47  2.581312886190063e+20
  48  7.016735912097618e+20
  49  1.907346572495096e+21
  50  5.184705528587062e+21
  51  1.409349082426936e+22
  52  3.831008000716569e+22
  53  1.041375943302907e+23
  54  2.830753303274688e+23
  55  7.694785265142000e+23
  56  2.091659496012991e+24
  57  5.685719999335919e+24
  58  1.545538935590100e+25
  59  4.201210403790504e+25
  60  1.142007389815682e+26
  61  3.104297935701912e+26
  62  8.438356668741433e+26
  63  2.293783159469604e+27
  64  6.235149080811601e+27
  65  1.694889244410329e+28
  66  4.607186634331279e+28
  67  1.252363170842211e+29
  68  3.404276049931732e+29
  69  9.253781725587763e+29
  70  2.515438670919160e+30
  71  6.837671229762725e+30
  72  1.858671745284123e+31
  73  5.052393630276090e+31
  74  1.373382979540172e+32
  75  3.733241996798991e+32
  76  1.014800388113886e+33
  77  2.758513454523162e+33
  78  7.498416996990098e+33
  79  2.038281066512663e+34
  80  5.540622384393492e+34
  81  1.506097314585026e+35
  82  4.093996962127441e+35
  83  1.112863754791756e+36
  84  3.025077322201132e+36
  85  8.223012714622885e+36
  86  2.235246603734707e+37
  87  6.076030225056851e+37
  88  1.651636254993996e+38
  89  4.489612819174330e+38
  90  1.220403294317836e+39
  91  3.317400098335730e+39
  92  9.017628405034267e+39
  93  2.451245542920077e+40
  94  6.663176216410871e+40
  95  1.811239082889017e+41
  96  4.923458286012040e+41
  97  1.338334719204264e+42
  98  3.637970947608791e+42
  99  9.889030319346908e+42
 100  2.688117141816125e+43
 101  7.307059979368038e+43
 102  1.986264836137646e+44
 103  5.399227610580147e+44
 104  1.467662230155436e+45
 105  3.989519570547199e+45
 106  1.084463855290019e+46
 107  2.947878391455497e+46
 108  8.013164264000557e+46
 109  2.178203880729011e+47
 110  5.920972027664645e+47
 111  1.609487066961511e+48
 112  4.375039447261321e+48
 113  1.189259022828195e+49
 114  3.232741191084844e+49
 115  8.787501635836982e+49
 116  2.388690601424980e+50
 117  6.493134255664431e+50
 118  1.765016885691757e+51
 119  4.797813327299280e+51
 120  1.304180878393626e+52
 121  3.545131182761149e+52
 122  9.636665673603153e+52
 123  2.619517318749050e+53
 124  7.120586326889304e+53
 125  1.935576042035713e+54
 126  5.261441182666359e+54
 127  1.430207995834803e+55
 128  3.887708405994576e+55
 129  1.056788711436253e+56
 130  2.872649550817817e+56
 131  7.808671073519111e+56
 132  2.122616868356078e+57
 133  5.769870862032973e+57
 134  1.568413511681956e+58
 135  4.263389948314699e+58
 136  1.158909542413879e+59
 137  3.150242749971435e+59
 138  8.563247622482203e+59
 139  2.327732040478849e+60
 140  6.327431707155552e+60
 141  1.719974263037653e+61
 142  4.675374784632490e+61
 143  1.270898631830212e+62
 144  3.454660656717527e+62
 145  9.390741286647644e+62
 146  2.552668139525440e+63
 147  6.938871417758363e+63
 148  1.886180808490641e+64
 149  5.127171016908299e+64
 150  1.393709580666371e+65
 151  3.788495427274673e+65
 152  1.029819827716093e+66
 153  2.799340524267480e+66
 154  7.609396478785308e+66
 155  2.068448417382234e+67
 156  5.622625746075000e+67
 157  1.528388139378165e+68
 158  4.154589706103997e+68
 159  1.129334570280550e+69
 160  3.069849640644223e+69
 161  8.344716494264721e+69
 162  2.268329121000226e+70
 163  6.165957830579393e+70
 164  1.676081112590872e+71
 165  4.556060831379186e+71
 166  1.238465736729205e+72
 167  3.366498907320142e+72
 168  9.151092805295574e+72
 169  2.487524928317726e+73
 170  6.761793810484965e+73
 171  1.838046124282812e+74
 172  4.996327379507545e+74
 173  1.358142592474776e+75
 174  3.691814329580441e+75
 175  1.003539180614323e+76
 176  2.727902318810593e+76
 177  7.415207303034126e+76
 178  2.015662326609447e+77
 179  5.479138274731940e+77
 180  1.489384200781828e+78
 181  4.048566008579240e+78
 182  1.100514341243791e+79
 183  2.991508135761576e+79
 184  8.131762205128084e+79
 185  2.210442143554973e+80
 186  6.008604711685541e+80
 187  1.633308100216821e+81
 188  4.439791729094350e+81
 189  1.206860517933993e+82
 190  3.280587015384646e+82
 191  8.917560070598777e+82
 192  2.424044149410062e+83
 193  6.589235162723833e+83
 194  1.791139820627557e+84
 195  4.868822826641282e+84
 196  1.323483261564560e+85
 197  3.597600500180654e+85
 198  9.779292065696241e+85
 199  2.658287191737581e+86
 200  7.225973768125693e+86
 201  1.964223318681781e+87
 202  5.339312554208204e+87
 203  1.451375629256741e+88
 204  3.945247999276912e+88
 205  1.072429594519883e+89
 206  2.915165879085101e+89
 207  7.924242436060868e+89
 208  2.154032421824829e+90
 209  5.855267190158061e+90
 210  1.591626640377911e+91
 211  4.326489774230595e+91
 212  1.176061853430490e+92
 213  3.196867565323967e+92
 214  8.689987010810249e+92
 215  2.362183378103063e+93
 216  6.421080152185559e+93
 217  1.745430549676505e+94
 218  4.744572146022924e+94
 219  1.289708424834705e+95
 220  3.505790975238718e+95
 221  9.529727902367121e+95
 222  2.590448618716368e+96
 223  7.041569407813537e+96
 224  1.914097016509265e+97
 225  5.203055137884809e+97
 226  1.414337023378275e+98
 227  3.844566629966020e+98
 228  1.045061560853666e+99
 229  2.840771850489568e+99
 230  7.722018499983765e+99
 231  2.099062256753045e+100
 232  5.705842789336036e+100
 233  1.551008877029622e+101
 234  4.216079246208290e+101
 235  1.146049160231130e+102
 236  3.115284606777031e+102
 237  8.468221537080184e+102
 238  2.301901272361059e+103
 239  6.257216399565821e+103
 240  1.700887763567570e+104
 241  4.623492299954071e+104
 242  1.256795510298547e+105
 243  3.416324397733452e+105
 244  9.286532530480135e+105
 245  2.524341262699794e+106
 246  6.861870983226212e+106
 247  1.865249920293422e+107
 248  5.070274963868289e+107
 249  1.378243629957401e+108
 250  3.746454614502636e+108
 251  1.018391949974905e+109
 252  2.768276331865759e+109
 253  7.524955249063952e+109
 254  2.045494911349805e+110
 255  5.560231647727620e+110
 256  1.511427665004089e+111
 257  4.108486356810899e+111
 258  1.116802380619097e+112
 259  3.035783617216694e+112
 260  8.252115441813809e+112
 261  2.243157545182876e+113
 262  6.097534393441411e+113
 263  1.657481694009583e+114
 264  4.505502369829766e+114
 265  1.224722521998742e+115
 266  3.329140976453713e+115
 267  9.049543420672528e+115
 268  2.459920943626525e+116
 269  6.686758400505808e+116
 270  1.817649385139081e+117
 271  4.940883294133320e+117
 272  1.343071327497947e+118
 273  3.650846383862037e+118
 274  9.924029383747590e+118
 275  2.697630873893469e+119
 276  7.332920984394711e+119
 277  1.993294586140615e+120
 278  5.418336452271828e+120
 279  1.472856551868776e+121
 280  4.003639200871741e+121
 281  1.088301968743595e+122
 282  2.958311465511917e+122
 283  8.041524299623090e+122
 284  2.185912937677730e+123
 285  5.941927417082901e+123
 286  1.615183332387904e+124
 287  4.390523502059966e+124
 288  1.193468025307198e+125
 289  3.244182446039455e+125
 290  8.818602191274868e+125
 291  2.397144608895158e+126
 292  6.516114630548275e+126
 293  1.771263599237550e+127
 294  4.814793655218396e+127
 295  1.308796610076007e+128
 296  3.557678042318409e+128
 297  9.670771573941880e+128
 298  2.628788263662449e+129
 299  7.145787367980041e+129
 300  1.942426395241233e+130
 301  5.280062373303451e+130
 302  1.435269760248111e+131
 303  3.901467708219211e+131
 304  1.060528877557204e+132
 305  2.882816376419814e+132
 306  7.836307370806132e+132
 307  2.130129192828198e+133
 308  5.790291477135024e+133
 309  1.573964410377742e+134
 310  4.278478855371072e+134
 311  1.163011132600144e+135
 312  3.161392028042544e+135
 313  8.593554502463336e+135
 314  2.335970304591850e+136
 315  6.349825630791966e+136
 316  1.726061562606530e+137
 317  4.691921780434954e+137
 318  1.275396571630754e+138
 319  3.466887324742845e+138
 320  9.423976816163467e+138
 321  2.561702493119648e+139
 322  6.963429336965371e+139
 323  1.892856343043159e+140
 324  5.145317001177659e+140
 325  1.398642170596262e+141
 326  3.801903596848334e+141
 327  1.033464546086591e+142
 328  2.809247895983856e+142
 329  7.636327507289722e+142
 330  2.075769029922760e+143
 331  5.642525234117099e+143
 332  1.533797381052213e+144
 333  4.169293549452304e+144
 334  1.133331489298771e+145
 335  3.080714392981277e+145
 336  8.374249953113242e+145
 337  2.276357147452173e+146
 338  6.187780269002110e+146
 339  1.682013066372586e+147
 340  4.572185553551278e+147
 341  1.242848890656140e+148
 342  3.378413554991068e+148
 343  9.183480175551943e+148
 344  2.496328728321673e+149
 345  6.785725020057080e+149
 346  1.844551301494105e+150
 347  5.014010284511907e+150
 348  1.362949304409549e+151
 349  3.704880327287371e+151
 350  1.007090887028066e+152
 351  2.737556857815093e+152
 352  7.441451060972209e+152
 353  2.022796119640804e+153
 354  5.498529934697065e+153
 355  1.494655400472513e+154
 356  4.062894614912610e+154
 357  1.104409260266106e+155
 358  3.002095623363251e+155
 359  8.160541980284757e+155
 360  2.218265297538524e+156
 361  6.029870249000268e+156
 362  1.639088672582325e+157
 363  4.455504953913590e+157
 364  1.211131815283257e+158
 365  3.292197605353094e+158
 366  8.949120926327697e+158
 367  2.432623279471916e+159
 368  6.612555656074958e+159
 369  1.797478987958264e+160
 370  4.886054470003902e+160
 371  1.328167307867270e+161
 372  3.610333058128970e+161
 373  9.813902746596951e+161
 374  2.667695350233881e+162
 375  7.251547794405447e+162
 376  1.971175059773459e+163
 377  5.358209345693867e+163
 378  1.456512309747907e+164
 379  3.959210944514647e+164
 380  1.076225116551034e+165
 381  2.925483177651894e+165
 382  7.952287761273766e+165
 383  2.161655931614774e+166
 384  5.875990038289149e+166
 385  1.597259694528776e+167
 386  4.341802002967618e+167
 387  1.180224148743396e+168
 388  3.208181857037718e+168
 389  8.720742444377624e+168
 390  2.370543571722321e+169
 391  6.443805514583187e+169
 392  1.751607943641567e+170
 393  4.761364043785385e+170
 394  1.294272935890009e+171
 395  3.518198602696150e+171
 396  9.563455330618949e+171
 397  2.599616684250127e+172
 398  7.066490793756078e+172
 399  1.920871351564028e+173
 400  5.221469689764063e+173
 401  1.419342617553534e+174
 402  3.858173245653267e+174
 403  1.048760222470613e+175
 404  2.850825855152534e+175
 405  7.749348118162349e+175
 406  2.106491217200401e+176
 407  5.726036797524427e+176
 408  1.556498177579847e+177
 409  4.231000712144919e+177
 410  1.150105235202081e+178
 411  3.126310161665433e+178
 412  8.498192102582008e+178
 413  2.310048116720284e+179
 414  6.279361818546786e+179
 415  1.706907512567527e+180
 416  4.639855674272539e+180
 417  1.261243536604763e+181
 418  3.428415386814148e+181
 419  9.319399246386286e+181
 420  2.533275362360677e+182
 421  6.886156383988030e+182
 422  1.871851376652191e+183
 423  5.088219582729699e+183
 424  1.383121483094360e+184
 425  3.759713994046724e+184
 426  1.021996223022039e+185
 427  2.778073761794586e+185
 428  7.551587424805085e+185
 429  2.052734287286750e+186
 430  5.579910311786402e+186
 431  1.516776880496022e+187
 432  4.123027032079133e+187
 433  1.120754945954613e+188
 434  3.046527803744025e+188
 435  8.281321168812626e+188
 436  2.251096484881659e+189
 437  6.119114668961844e+189
 438  1.663347821089617e+190
 439  4.521448156474852e+190
 440  1.229057036206524e+191
 441  3.340923407659925e+191
 442  9.081571389315442e+191
 443  2.468627048142974e+192
 444  6.710424046209538e+192
 445  1.824082374606601e+193
 446  4.958369972505546e+193
 447  1.347824699503880e+194
 448  3.663767388609672e+194
 449  9.959152316158518e+194
 450  2.707178276786951e+195
 451  7.358873516189040e+195
 452  2.000349215698519e+196
 453  5.437512923605586e+196
 454  1.478069257224828e+197
 455  4.017808803118209e+197
 456  1.092153665973901e+198
 457  2.968781464101786e+198
 458  8.069984706533921e+198
 459  2.193649278371356e+199
 460  5.962956971409156e+199
 461  1.620899757926469e+200
 462  4.406062357725185e+200
 463  1.197691924206179e+201
 464  3.255664193661803e+201
 465  8.849812817195649e+201
 466  2.405628536624688e+202
 467  6.539176337129414e+202
 468  1.777532421030827e+203
 469  4.831834079584908e+203
 470  1.313428677666479e+204
 471  3.570269307477783e+204
 472  9.704998181221917e+204
 473  2.638092020124363e+205
 474  7.171077600106866e+205
 475  1.949300993084019e+206
 476  5.298749467697462e+206
 477  1.440349439159905e+207
 478  3.915275707099546e+207
 479  1.064282280801584e+208
 480  2.893019184253891e+208
 481  7.864041477940763e+208
 482  2.137668104773459e+209
 483  5.810784364482179e+209
 484  1.579534954706585e+210
 485  4.293621164794791e+210
 486  1.167127239054884e+211
 487  3.172580765422467e+211
 488  8.623968643966582e+211
 489  2.344237725409494e+212
 490  6.372298810568794e+212
 491  1.732170406228034e+213
 492  4.708527339044187e+213
 493  1.279910430452644e+214
 494  3.479157265154615e+214
 495  9.457329972221058e+214
 496  2.570768820922959e+215
 497  6.988074171083964e+215
 498  1.899555503518154e+216
 499  5.163527207362770e+216
 500  1.403592217852810e+217
 501  3.815359220355823e+217
 502  1.037122163773690e+218
 503  2.819190331678148e+218
 504  7.663353849568137e+218
 505  2.083115551433274e+219
 506  5.662495150041511e+219
 507  1.539225767009532e+220
 508  4.184049432357947e+220
 509  1.137342554135299e+221
 510  3.091617597639181e+221
 511  8.403887936206794e+221
 512  2.284413586539712e+222
 513  6.209679940975852e+222
 514  1.687966014410129e+223
 515  4.588367344027493e+223
 516  1.247247557356483e+224
 517  3.390370370752058e+224
 518  9.215982170561274e+224
 519  2.505163686563926e+225
 520  6.809740926502192e+225
 521  1.851079501702477e+226
 522  5.031755772510867e+226
 523  1.367773028166019e+227
 524  3.717992567920093e+227
 525  1.010655163572297e+228
 526  2.747245565976879e+228
 527  7.467787700309634e+228
 528  2.029955160454164e+229
 529  5.517990225249218e+229
 530  1.499945255890958e+230
 531  4.077273932771745e+230
 532  1.108317964110318e+231
 533  3.012720581995802e+231
 534  8.189423612263745e+231
 535  2.226116139076998e+232
 536  6.051211048892410e+232
 537  1.644889703437484e+233
 538  4.471273790673500e+233
 539  1.215418229525297e+234
 540  3.303849287296479e+234
 541  8.980793481625386e+234
 542  2.441232772624573e+235
 543  6.635958684864069e+235
 544  1.803840590747098e+236
 545  4.903347099264666e+236
 546  1.332867931855851e+237
 547  3.623110678899549e+237
 548  9.848635920948558e+237
 549  2.677136805902348e+238
 550  7.277212331783241e+238
 551  1.978151404332446e+239
 552  5.377173016337630e+239
 553  1.461667169879089e+240
 554  3.973223307137488e+240
 555  1.080034071620179e+241
 556  2.935836991001766e+241
 557  7.980432343957982e+241
 558  2.169306422382781e+242
 559  5.896786228322616e+242
 560  1.602912685075691e+243
 561  4.357168424447748e+243
 562  1.184401175171184e+244
 563  3.219536192073368e+244
 564  8.751606726979266e+244
 565  2.378933353576768e+245
 566  6.466611306142865e+245
 567  1.757807200519596e+246
 568  4.778215371106883e+246
 569  1.298853601574353e+247
 570  3.530650142988149e+247
 571  9.597302126331015e+247
 572  2.608817197223696e+248
 573  7.091500380984629e+248
 574  1.927669662214091e+249
 575  5.239949414068350e+249
 576  1.424365927430662e+250
 577  3.871828017610982e+250
 578  1.052471974319054e+251
 579  2.860915442753900e+251
 580  7.776774460795789e+251
 581  2.113946470080558e+252
 582  5.746302275955123e+252
 583  1.562006905756167e+253
 584  4.245974987844528e+253
 585  1.154175665354940e+254
 586  3.137374737983960e+254
 587  8.528268739328256e+254
 588  2.318223794233133e+255
 589  6.301585614165305e+255
 590  1.712948566546448e+256
 591  4.656276961528180e+256
 592  1.265707305279455e+257
 593  3.440549168089007e+257
 594  9.352382283536232e+257
 595  2.542241081413885e+258
 596  6.910527735169434e+258
 597  1.878476196757331e+259
 598  5.106227710838313e+259
 599  1.388016599834581e+260
 600  3.773020300929852e+260
 601  1.025613252242470e+261
 602  2.787905866597487e+261
 603  7.578313856626317e+261
 604  2.059999284682671e+262
 605  5.599658622191535e+262
 606  1.522145027827726e+263
 607  4.137619169423397e+263
 608  1.124721500132742e+264
 609  3.057310015888031e+264
 610  8.310630260154270e+264
 611  2.259063521921922e+265
 612  6.140771320975052e+265
 613  1.669234709452893e+266
 614  4.537450378138913e+266
 615  1.233406891042963e+267
 616  3.352747539018252e+267
 617  9.113712710724098e+267
 618  2.477363965135754e+268
 619  6.734173448907766e+268
 620  1.830538131585736e+269
 621  4.975918539390879e+269
 622  1.352594894551870e+270
 623  3.676734123126826e+270
 624  9.994399554970952e+270
 625  2.716759469663671e+271
 626  7.384917898680788e+271
 627  2.007428812864594e+272
 628  5.456757263934941e+272
 629  1.483300411286624e+273
 630  4.032028554146259e+273
 631  1.096018995056377e+274
 632  2.979288517907694e+274
 633  8.098545839965167e+274
 634  2.201412999371991e+275
 635  5.984060953126405e+275
 636  1.626636414927483e+276
 637  4.421656208207143e+276
 638  1.201930772246260e+277
 639  3.267186577262756e+277
 640  8.881133903158653e+277
 641  2.414142490506772e+278
 642  6.562319663255422e+278
 643  1.783823429316669e+279
 644  4.848934813091000e+279
 645  1.318077138980772e+280
 646  3.582905135398720e+280
 647  9.739345922646936e+280
 648  2.647428704260786e+281
 649  7.196457338932970e+281
 650  1.956199921370223e+282
 651  5.317502699093689e+282
 652  1.445447095972830e+283
 653  3.929132574981841e+283
 654  1.068048968017964e+284
 655  2.903258101667667e+284
 656  7.891873741089721e+284
 657  2.145233698289729e+285
 658  5.831349779858964e+285
 659  1.585125214197928e+286
 660  4.308817065586478e+286
 661  1.171257913153795e+287
 662  3.183809101764823e+287
 663  8.654490426609833e+287
 664  2.352534406122628e+288
 665  6.394851526987831e+288
 666  1.738300870150460e+289
 667  4.725191667724541e+289
 668  1.284440264636171e+290
 669  3.491470631101631e+290
 670  9.490801171121997e+290
 671  2.579867236097875e+291
 672  7.012806227721714e+291
 673  1.906278373532036e+292
 674  5.181801862756598e+292
 675  1.408559784220649e+293
 676  3.828862465745184e+293
 677  1.040792726430403e+294
 678  2.829167955448110e+294
 679  7.690475842953226e+294
 680  2.090488073610301e+295
 681  5.682535743105236e+295
 682  1.544673365005198e+296
 683  4.198857538998316e+296
 684  1.141367814854739e+297
 685  3.102559390707644e+297
 686  8.433630813475557e+297
 687  2.292498538820288e+298
 688  6.231657119844102e+298
 689  1.693940031005965e+299
 690  4.604606404782866e+299
 691  1.251661791732740e+300
 692  3.402369503843597e+300
 693  9.248599196001267e+300
 694  2.514029913319118e+301
 695  6.833841829577827e+301
 696  1.857630806390472e+302
 697  5.049564064996943e+302
 698  1.372613823952098e+303
 699  3.731151215140671e+303
 700  1.014232054734977e+304
 701  2.756968564226768e+304
 702  7.494217549770446e+304
 703  2.037139538405988e+305
 704  5.537519389284443e+305
 705  1.505253833063153e+306
 706  4.091704141633894e+306
 707  1.112240501563403e+307
 708  3.023383144275972e+307
 709  8.218407461554748e+307
