   0 1.000000000000000e+00 0.000000000000000e+00 0.000000000000000e+00
   1 2.718281828459045e+00 0.000000000000000e+00 0.000000000000000e+00
   2 7.389056098930650e+00 8.881784197001252e-16 1.202018779947635e-16
   3 2.008553692318766e+01 3.552713678800501e-15 1.768791988178860e-16
   4 5.459815003314423e+01 7.105427357601002e-15 1.301404416319527e-16
   5 1.484131591025766e+02 2.842170943040401e-14 1.915039717654698e-16
   6 4.034287934927350e+02 1.136868377216160e-13 2.818014964607709e-16
   7 1.096633158428458e+03 2.273736754432321e-13 2.073379540785291e-16
   8 2.980957987041727e+03 9.094947017729282e-13 3.051014827201579e-16
   9 8.103083927575381e+03 2.728484105318785e-12 3.367216888910104e-16
  10 2.202646579480671e+04 1.091393642127514e-11 4.954919469581168e-16
  11 5.987414171519779e+04 2.910383045673370e-11 4.860834681384053e-16
  12 1.627547914190039e+05 5.820766091346741e-11 3.576402292428662e-16
  13 4.424133920089203e+05 2.328306436538696e-10 5.262739506971686e-16
  14 1.202604284164776e+06 6.984919309616089e-10 5.808161006566847e-16
  15 3.269017372472109e+06 1.862645149230957e-09 5.697874734212196e-16
  16 8.886110520507867e+06 5.587935447692871e-09 6.288392919260591e-16
  17 2.415495275357528e+07 1.862645149230957e-08 7.711234910013471e-16
  18 6.565996913733046e+07 5.215406417846680e-08 7.943053410424924e-16
  19 1.784823009631871e+08 1.490116119384766e-07 8.348817285205830e-16
  20 4.851651954097899e+08 4.172325134277344e-07 8.599803064507197e-16
  21 1.318815734483213e+09 1.192092895507812e-06 9.039116415872471e-16
  22 3.584912846131588e+09 3.814697265625000e-06 1.064097630641528e-15
  23 9.744803446248894e+09 9.536743164062500e-06 9.786491042806529e-16
  24 2.648912212984344e+10 2.670288085937500e-05 1.008069679639958e-15
  25 7.200489933738580e+10 7.629394531250000e-05 1.059566029736636e-15
  26 1.957296094288385e+11 2.441406250000000e-04 1.247336188492024e-15
  27 5.320482406017980e+11 6.713867187500000e-04 1.261890684932247e-15
  28 1.446257064291474e+12 1.464843750000000e-03 1.012851578165070e-15
  29 3.931334297144037e+12 4.882812500000000e-03 1.242024241883265e-15
  30 1.068647458152445e+13 1.367187500000000e-02 1.279362515271119e-15
  31 2.904884966524739e+13 3.515625000000000e-02 1.210245858446478e-15
  32 7.896296018268059e+13 9.375000000000000e-02 1.187265520227581e-15
  33 2.146435797859158e+14 2.812500000000000e-01 1.310311728310332e-15
  34 5.834617425274541e+14 7.500000000000000e-01 1.285431323656511e-15
  35 1.586013452313428e+15 2.250000000000000e+00 1.418651271033075e-15
  36 4.311231547115189e+15 6.000000000000000e+00 1.391713698146144e-15
  37 1.171914237280259e+16 1.800000000000000e+01 1.535948572633934e-15
  38 3.185593175711370e+16 5.200000000000000e+01 1.632349051864978e-15
  39 8.659340042399362e+16 1.280000000000000e+02 1.478172694146023e-15
  40 2.353852668370196e+17 3.840000000000000e+02 1.631368034031973e-15
  41 6.398434935300539e+17 1.024000000000000e+03 1.600391361879031e-15
  42 1.739274941520498e+18 2.816000000000000e+03 1.619065469625069e-15
  43 4.727839468229338e+18 8.192000000000000e+03 1.732715345994616e-15
  44 1.285160011435929e+19 2.252800000000000e+04 1.752933471282625e-15
  45 3.493427105748503e+19 6.553600000000000e+04 1.875980176948854e-15
  46 9.496119420602432e+19 1.638400000000000e+05 1.725336347861620e-15
  47 2.581312886190063e+20 4.915200000000000e+05 1.904147314452330e-15
  48 7.016735912097618e+20 1.310720000000000e+06 1.867991066530202e-15
  49 1.907346572495096e+21 3.932160000000000e+06 2.061586529005132e-15
  50 5.184705528587062e+21 1.048576000000000e+07 2.022440800578617e-15
  51 1.409349082426936e+22 3.145728000000000e+07 2.232043174557559e-15
  52 3.831008000716569e+22 8.388608000000000e+07 2.189660788604711e-15
  53 1.041375943302907e+23 2.348810240000000e+08 2.255487324347379e-15
  54 2.830753303274688e+23 6.375342080000000e+08 2.252171558936217e-15
  55 7.694785265142000e+23 1.744830464000000e+09 2.267549260801628e-15
  56 2.091659496012991e+24 4.831838208000000e+09 2.310050090471317e-15
  57 5.685719999335919e+24 1.288490188800000e+10 2.266186496961674e-15
  58 1.545538935590100e+25 3.865470566400000e+10 2.501050266277588e-15
  59 4.201210403790504e+25 1.030792151040000e+11 2.453559931466363e-15
  60 1.142007389815682e+26 2.576980377600000e+11 2.256535641171220e-15
  61 3.104297935701912e+26 7.559142440960000e+11 2.435057007262031e-15
  62 8.438356668741433e+26 2.061584302080000e+12 2.443111121051348e-15
  63 2.293783159469604e+27 5.772436045824000e+12 2.516556991009896e-15
  64 6.235149080811601e+27 1.539316278886400e+13 2.468772212076819e-15
  65 1.694889244410329e+28 4.398046511104000e+13 2.594887262166873e-15
  66 4.607186634331279e+28 1.231453023109120e+14 2.672895892544761e-15
  67 1.252363170842211e+29 3.166593487994880e+14 2.528494578665512e-15
  68 3.404276049931732e+29 9.147936743096320e+14 2.687190054190749e-15
  69 9.253781725587763e+29 2.392537302040576e+15 2.585469781964856e-15
  70 2.515438670919160e+30 7.036874417766400e+15 2.797474054573183e-15
  71 6.837671229762725e+30 1.914029841632461e+16 2.799242281935336e-15
  72 1.858671745284123e+31 5.179139571476070e+16 2.786473504327344e-15
  73 5.052393630276090e+31 1.351079888211149e+17 2.674138214637323e-15
  74 1.373382979540172e+32 3.963167672086036e+17 2.885697384580199e-15
  75 3.733241996798991e+32 1.080863910568919e+18 2.895242021534336e-15
  76 1.014800388113886e+33 2.882303761517117e+18 2.840266711835009e-15
  77 2.758513454523162e+33 8.646911284551352e+18 3.134627192183140e-15
  78 7.498416996990098e+33 2.305843009213694e+19 3.075106399309709e-15
  79 2.038281066512663e+34 6.225776124876974e+19 3.054424744046111e-15
  80 5.540622384393492e+34 1.752440687002407e+20 3.162895006053078e-15
  81 1.506097314585026e+35 4.980620899901579e+20 3.306971502883190e-15
  82 4.093996962127441e+35 1.328165573307088e+21 3.244178209201474e-15
  83 1.112863754791756e+36 3.836922767331587e+21 3.447792014800204e-15
  84 3.025077322201132e+36 1.062532458645670e+22 3.512414214498628e-15
  85 8.223012714622885e+36 2.833419889721787e+22 3.445719942379695e-15
  86 2.235246603734707e+37 7.555786372591432e+22 3.380292071562498e-15
  87 6.076030225056851e+37 2.077841252462644e+23 3.419734885277340e-15
  88 1.651636254993996e+38 5.855734438758360e+23 3.545414083187249e-15
  89 4.489612819174330e+38 1.586715138244201e+24 3.534191481874841e-15
  90 1.220403294317836e+39 4.533471823554859e+24 3.714732535271396e-15
  91 3.317400098335730e+39 1.269372110595361e+25 3.826406441695646e-15
  92 9.017628405034267e+39 3.143207130998036e+25 3.485625033343888e-15
  93 2.451245542920077e+40 9.187836229071182e+25 3.748231692091547e-15
  94 6.663176216410871e+40 2.514565704798429e+26 3.773824409153782e-15
  95 1.811239082889017e+41 6.576556458703583e+26 3.630970930802601e-15
  96 4.923458286012040e+41 1.856910058928070e+27 3.771556396047284e-15
  97 1.338334719204264e+42 5.106502662052194e+27 3.815564663142248e-15
  98 3.637970947608791e+42 1.423631045178187e+28 3.913255673781366e-15
  99 9.889030319346908e+42 3.837614121784679e+28 3.880677880294054e-15
 100 2.688117141816125e+43 1.089387234571135e+29 4.052603279911869e-15
 101 7.307059979368038e+43 2.872020891142082e+29 3.930473951563859e-15
 102 1.986264836137646e+44 8.318957063997755e+29 4.188241624502716e-15
 103 5.399227610580147e+44 2.139160387885137e+30 3.961974827090656e-15
 104 1.467662230155436e+45 6.021340351084090e+30 4.102674462397513e-15
 105 3.989519570547199e+45 1.647945780296698e+31 4.130687294938290e-15
 106 1.084463855290019e+46 4.563542160821626e+31 4.208109047213192e-15
 107 2.947878391455497e+46 1.267650600228229e+32 4.300213346325778e-15
 108 8.013164264000557e+46 3.346597584602526e+32 4.176374618497765e-15
 109 2.178203880729011e+47 9.329908417679768e+32 4.283303551253059e-15
 110 5.920972027664645e+47 2.515018790852807e+33 4.247645114859263e-15
 111 1.609487066961511e+48 7.139408180485388e+33 4.435828238100479e-15
 112 4.375039447261321e+48 1.947111321950560e+34 4.450500036449750e-15
 113 1.189259022828195e+49 5.451911701461569e+34 4.584292905759330e-15
 114 3.232741191084844e+49 1.505766088975100e+35 4.657861548359195e-15
 115 8.787501635836982e+49 4.153837486827862e+35 4.726983457832634e-15
 116 2.388690601424980e+50 1.079997746575244e+36 4.521296085524715e-15
 117 6.493134255664431e+50 3.073839740252618e+36 4.733984573892161e-15
 118 1.765016885691757e+51 8.307674973655724e+36 4.706852971777505e-15
 119 4.797813327299280e+51 2.259687592834357e+37 4.709828079339531e-15
 120 1.304180878393626e+52 6.380294379767596e+37 4.892185191080455e-15
 121 3.545131182761149e+52 1.701411834604692e+38 4.799291611205023e-15
 122 9.636665673603153e+52 4.891559024488490e+38 5.075987058353073e-15
 123 2.619517318749050e+53 1.276058875953519e+39 4.871351171531483e-15
 124 7.120586326889304e+53 3.402823669209385e+39 4.778853191287607e-15
 125 1.935576042035713e+54 9.527906273786277e+39 4.922517156063496e-15
 126 5.261441182666359e+54 2.654202461983320e+40 5.044630111474971e-15
 127 1.430207995834803e+55 7.077873231955520e+40 4.948841883536115e-15
 128 3.887708405994576e+55 1.905581254757255e+41 4.901553963818330e-15
 129 1.056788711436253e+56 5.226737155905615e+41 4.945867702165454e-15
 130 2.872649550817817e+56 1.480908860839924e+42 5.155201964744787e-15
 131 7.808671073519111e+56 4.007165152860971e+42 5.131686448479221e-15
 132 2.122616868356078e+57 1.080192345553827e+43 5.088965237473181e-15
 133 5.769870862032973e+57 2.996662636052552e+43 5.193639004594116e-15
 134 1.568413511681956e+58 8.362779449448984e+43 5.331999110668715e-15
 135 4.263389948314699e+58 2.230074519853062e+44 5.230754275091824e-15
 136 1.158909542413879e+59 6.021201203603268e+44 5.195574790989966e-15
 137 3.150242749971435e+59 1.694856635088327e+45 5.380082646341129e-15
 138 8.563247622482203e+59 4.638555001294370e+45 5.416817550757460e-15
 139 2.327732040478849e+60 1.284522923435364e+46 5.518345329693182e-15
 140 6.327431707155552e+60 3.354032077859006e+46 5.300779578649589e-15
 141 1.719974263037653e+61 9.705284310400527e+46 5.642691590779963e-15
 142 4.675374784632490e+61 2.569045846870728e+47 5.494844724138343e-15
 143 1.270898631830212e+62 7.079148555821561e+47 5.570191342189842e-15
 144 3.454660656717527e+62 1.918220898996810e+48 5.552559540882440e-15
 145 9.390741286647644e+62 5.297943435324523e+48 5.641666907443694e-15
 146 2.552668139525440e+63 1.498039178264175e+49 5.868523037008140e-15
 147 6.938871417758363e+63 4.092204584526528e+49 5.897507444875719e-15
 148 1.886180808490641e+64 1.081511211624868e+50 5.733868178259722e-15
 149 5.127171016908299e+64 3.039923405648278e+50 5.929046243285565e-15
 150 1.393709580666371e+65 8.418249431026001e+50 6.040174759364861e-15
 151 3.788495427274673e+65 2.244866514940267e+51 5.925482973474656e-15
 152 1.029819827716093e+66 6.173382916085734e+51 5.994624253620071e-15
 153 2.799340524267480e+66 1.683649886205200e+52 6.014451873966889e-15
 154 7.609396478785308e+66 4.639390797543218e+52 6.096923468868593e-15
 155 2.068448417382234e+67 1.287056801899086e+53 6.222329699320935e-15
 156 5.622625746075000e+67 3.352333995644132e+53 5.962221472742169e-15
 157 1.528388139378165e+68 9.578097130411805e+53 6.266796295807895e-15
 158 4.154589706103997e+68 2.538195739559128e+54 6.109377625978243e-15
 159 1.129334570280550e+69 7.087791876504736e+54 6.276078022426944e-15
 160 3.069849640644223e+69 1.915619426082361e+55 6.240108312537283e-15
 161 8.344716494264721e+69 5.363734393030611e+55 6.427701164823367e-15
 162 2.268329121000226e+70 1.409895897596618e+56 6.215570238656197e-15
 163 6.165957830579393e+70 4.045788227885947e+56 6.561491886664069e-15
 164 1.676081112590872e+71 1.078876860769586e+57 6.436901249378480e-15
 165 4.556060831379186e+71 2.942391438462507e+57 6.458191730446676e-15
 166 1.238465736729205e+72 8.238696027695019e+57 6.652340701369310e-15
 167 3.366498907320142e+72 2.157753721539172e+58 6.409488851599905e-15
 168 9.151092805295574e+72 5.963246648617347e+58 6.516431179854850e-15
 169 2.487524928317726e+73 1.663431959877470e+59 6.687096643499460e-15
 170 6.761793810484965e+73 4.393971214770677e+59 6.498233069392476e-15
 171 1.838046124282812e+74 1.230311940135789e+60 6.693585780475695e-15
 172 4.996327379507545e+74 3.314309716284167e+60 6.633491892220315e-15
 173 1.358142592474776e+75 9.239893754489194e+60 6.803331112422058e-15
 174 3.691814329580441e+75 2.490753968601435e+61 6.746693485217872e-15
 175 1.003539180614323e+76 6.909833590313658e+61 6.885464687172216e-15
 176 2.727902318810593e+76 1.864048131340429e+62 6.833265687288914e-15
 177 7.415207303034126e+76 5.270756785169488e+62 7.108036997175817e-15
 178 2.015662326609447e+77 1.414105478947911e+63 7.015587185808962e-15
 179 5.479138274731940e+77 4.010917358470440e+63 7.320343377657628e-15
 180 1.489384200781828e+78 1.049009155292269e+64 7.043240788653516e-15
 181 4.048566008579240e+78 2.879632975312111e+64 7.112723293160923e-15
 182 1.100514341243791e+79 8.062972330873910e+64 7.326549076826395e-15
 183 2.991508135761576e+79 2.106245833371144e+65 7.040749139847943e-15
 184 8.131762205128084e+79 5.923816406356342e+65 7.284788040925054e-15
 185 2.210442143554973e+80 1.606012447945497e+66 7.265571065174348e-15
 186 6.008604711685541e+80 4.528428541747959e+66 7.536572563911662e-15
 187 1.633308100216821e+81 1.200560125021552e+67 7.350481668842383e-15
 188 4.439791729094350e+81 3.285743500058984e+67 7.400670347951719e-15
 189 1.206860517933993e+82 8.930482333493649e+67 7.399763436442192e-15
 190 3.280587015384646e+82 2.493795066711434e+68 7.601673282911044e-15
 191 8.917560070598777e+82 6.605186933451907e+68 7.406944142971606e-15
 192 2.424044149410062e+83 1.806316426699093e+69 7.451664719632665e-15
 193 6.589235162723833e+83 4.960630186755718e+69 7.528385410826819e-15
 194 1.791139820627557e+84 1.358781312024392e+70 7.586126422829009e-15
 195 4.868822826641282e+84 3.709688661399928e+70 7.619272241949758e-15
 196 1.323483261564560e+85 1.018007586151608e+71 7.691881081655442e-15
 197 3.597600500180654e+85 2.760698538716226e+71 7.673721800343304e-15
 198 9.779292065696241e+85 7.729955908405431e+71 7.904412565323146e-15
 199 2.658287191737581e+86 2.042916918650007e+72 7.685087318630385e-15
 200 7.225973768125693e+86 5.631825018981100e+72 7.793863082957067e-15
 201 1.964223318681781e+87 1.523905593371356e+73 7.758311282008769e-15
 202 5.339312554208204e+87 4.240432955468122e+73 7.941908087261169e-15
 203 1.451375629256741e+88 1.148450592105950e+74 7.912841920144951e-15
 204 3.945247999276912e+88 3.038976951418821e+74 7.702879393071885e-15
 205 1.072429594519883e+89 8.622213676118516e+74 8.039887858539190e-15
 206 2.915165879085101e+89 2.318103348989240e+75 7.951874593554027e-15
 207 7.924242436060868e+89 6.332379880165729e+75 7.991148594027050e-15
 208 2.154032421824829e+90 1.764020109474739e+76 8.189385134604038e-15
 209 5.855267190158061e+90 4.794516194982624e+76 8.188381570428723e-15
 210 1.591626640377911e+91 1.302661003919807e+77 8.184463434279457e-15
 211 4.326489774230595e+91 3.618502788666131e+77 8.363599540252307e-15
 212 1.176061853430490e+92 9.842327585171877e+77 8.368886004135323e-15
 213 3.196867565323967e+92 2.721114097076931e+78 8.511813647185527e-15
 214 8.689987010810249e+92 7.294901621950920e+78 8.394605898577457e-15
 215 2.362183378103063e+93 1.991623934881839e+79 8.431284181168017e-15
 216 6.421080152185559e+93 5.465386612001324e+79 8.511631193610092e-15
 217 1.745430549676505e+94 1.445085273681706e+80 8.279248200104758e-15
 218 4.744572146022924e+94 4.149988478265412e+80 8.746812885423370e-15
 219 1.289708424834705e+95 1.126425444100612e+81 8.733954298584813e-15
 220 3.505790975238718e+95 2.964277484475295e+81 8.455374280474464e-15
 221 9.529727902367121e+95 8.181405857151813e+81 8.585141087941878e-15
 222 2.590448618716368e+96 2.276565108077026e+82 8.788304433558391e-15
 223 7.041569407813537e+96 6.070840288205403e+82 8.621430730298585e-15
 224 1.914097016509265e+97 1.707423831057770e+83 8.920257522639031e-15
 225 5.203055137884809e+97 4.553130216154053e+83 8.750878273423469e-15
 226 1.414337023378275e+98 1.244522259082108e+84 8.799333104562667e-15
 227 3.844566629966020e+98 3.399670561395026e+84 8.842792669781544e-15
 228 1.045061560853666e+99 9.470510849600429e+84 9.062155957458022e-15
 229 2.840771850489568e+99 2.525469559893448e+85 8.890082318501636e-15
 230 7.722018499983765e+99 7.090741456623911e+85 9.182497369876565e-15
 231 2.099062256753045e+100 1.864962136536700e+86 8.884739509449019e-15
 232 5.705842789336036e+100 5.128645875475925e+86 8.988410765647336e-15
 233 1.551008877029622e+101 1.429804304678137e+87 9.218543657960185e-15
 234 4.216079246208290e+101 3.854255082175846e+87 9.141799423343742e-15
 235 1.146049160231130e+102 1.069244958281041e+88 9.329835013930821e-15
 236 3.115284606777031e+102 2.834742447535784e+88 9.099465395132915e-15
 237 8.468221537080184e+102 7.857707135274629e+88 9.279052397091564e-15
 238 2.301901272361059e+103 2.148436381290278e+89 9.333312453868312e-15
 239 6.257216399565821e+103 5.888307119091874e+89 9.410425887620660e-15
 240 1.700887763567570e+104 1.591434356511317e+90 9.356492477630170e-15
 241 4.623492299954071e+104 4.392358823971236e+90 9.500088978227278e-15
 242 1.256795510298547e+105 1.196758636096511e+91 9.522301967901089e-15
 243 3.416324397733452e+105 3.310183461543540e+91 9.689312477877303e-15
 244 9.286532530480135e+105 8.962958295871739e+91 9.651566143179530e-15
 245 2.524341262699794e+106 2.444443171601383e+92 9.683489343223905e-15
 246 6.861870983226212e+106 6.599996563323735e+92 9.618362950072033e-15
 247 1.865249920293422e+107 1.792591659174348e+93 9.610463668548803e-15
 248 5.070274963868289e+107 5.019256645688174e+93 9.899377610595715e-15
 249 1.378243629957401e+108 1.329777085351153e+94 9.648345593240675e-15
 250 3.746454614502636e+108 3.754664711579725e+94 1.002191431078681e-14
 251 1.018391949974905e+109 1.001243923087927e+95 9.831616629654219e-15
 252 2.768276331865759e+109 2.711702291696468e+95 9.795634418724518e-15
 253 7.524955249063952e+109 7.342455435978128e+95 9.757473889152329e-15
 254 2.045494911349805e+110 2.035862643612117e+96 9.952909842580195e-15
 255 5.560231647727620e+110 5.540216374419861e+96 9.964002806760866e-15
 256 1.511427665004089e+111 1.495190925144637e+97 9.892573490379988e-15
 257 4.108486356810899e+111 4.111775044147752e+97 1.000800462031814e-14
 258 1.116802380619097e+112 1.110713258678873e+98 9.945477176214037e-15
 259 3.035783617216694e+112 3.075821331726111e+98 1.013188592982172e-14
 260 8.252115441813809e+112 8.202190217936295e+98 9.939500090334969e-15
 261 2.243157545182876e+113 2.255602309932481e+99 1.005547878157881e-14
 262 6.097534393441411e+113 6.219994248601690e+99 1.020083503799831e-14
 263 1.657481694009583e+114 1.695119311706834e+100 1.022707712449121e-14
 264 4.505502369829766e+114 4.593226522044325e+100 1.019470448579050e-14
 265 1.224722521998742e+115 1.246732913126317e+101 1.017971737052450e-14
 266 3.329140976453713e+115 3.455856145157159e+101 1.038062421988037e-14
 267 9.049543420672528e+115 9.448923131062612e+101 1.044132581261255e-14
 268 2.459920943626525e+116 2.554708846546558e+102 1.038532906175551e-14
 269 6.686758400505808e+116 6.999202319305638e+102 1.046725767567166e-14
 270 1.817649385139081e+117 1.903783030851134e+103 1.047387381976014e-14
 271 4.940883294133320e+117 5.151412907008950e+103 1.042609711734258e-14
 272 1.343071327497947e+118 1.433436634993795e+104 1.067282582574518e-14
 273 3.650846383862037e+118 3.897155851389379e+104 1.067466401384652e-14
 274 9.924029383747590e+118 1.057159518307924e+105 1.065252305720915e-14
 275 2.697630873893469e+119 2.902709185862434e+105 1.076021635855975e-14
 276 7.332920984394711e+119 7.883901492465871e+105 1.075137930606877e-14
 277 1.993294586140615e+120 2.178823685190568e+106 1.093076608113992e-14
 278 5.418336452271828e+120 5.848421470774682e+106 1.079375842067269e-14
 279 1.472856551868776e+121 1.605449031193050e+107 1.090024027904170e-14
 280 4.003639200871741e+121 4.403517342700937e+107 1.099878665825364e-14
 281 1.088301968743595e+122 1.174271291386917e+108 1.078993997173937e-14
 282 2.958311465511917e+122 3.265942029169862e+108 1.103988564843260e-14
 283 8.041524299623090e+122 8.953818596825239e+108 1.113447931413315e-14
 284 2.185912937677730e+123 2.407256147343179e+109 1.101258932069179e-14
 285 5.941927417082901e+123 6.693346360905425e+109 1.126460471674934e-14
 286 1.615183332387904e+124 1.784892362908113e+110 1.105071063523984e-14
 287 4.390523502059966e+124 4.884968572169573e+110 1.112616427147610e-14
 288 1.193468025307198e+125 1.333972187015537e+111 1.117727629671666e-14
 289 3.244182446039455e+125 3.644938088464989e+111 1.123530550174446e-14
 290 8.818602191274868e+125 9.769937144339146e+111 1.107878202512132e-14
 291 2.397144608895158e+126 2.735582400414961e+112 1.141183719273318e-14
 292 6.516114630548275e+126 7.334968194519236e+112 1.125665923698163e-14
 293 1.771263599237550e+127 1.996073311951136e+113 1.126920528830580e-14
 294 4.814793655218396e+127 5.579385643044140e+113 1.158800572273136e-14
 295 1.308796610076007e+128 1.481423084532410e+114 1.131897097782349e-14
 296 3.557678042318409e+128 4.078723297673647e+114 1.146456550918163e-14
 297 9.670771573941880e+128 1.123572832944061e+115 1.161823360580199e-14
 298 2.628788263662449e+129 3.016716099411452e+115 1.147569068650869e-14
 299 7.145787367980041e+129 8.249795047370094e+115 1.154497695290664e-14
 300 1.942426395241233e+130 2.240989102419936e+116 1.153706059550135e-14
 301 5.280062373303451e+130 6.205815975932130e+116 1.175330050514060e-14
 302 1.435269760248111e+131 1.694286266444963e+117 1.180465382446347e-14
 303 3.901467708219211e+131 4.570632718781760e+117 1.171516224305233e-14
 304 1.060528877557204e+132 1.245103395806066e+118 1.174040068266699e-14
 305 2.882816376419814e+132 3.467376545282714e+118 1.202773986454478e-14
 306 7.836307370806132e+132 9.330395067306213e+118 1.190662211906880e-14
 307 2.130129192828198e+133 2.597380248466324e+119 1.219353388147200e-14
 308 5.790291477135024e+133 7.060839510393891e+119 1.219427301419292e-14
 309 1.573964410377742e+134 1.896339754220073e+120 1.204817428981741e-14
 310 4.278478855371072e+134 5.164499756173817e+120 1.207087829752965e-14
 311 1.163011132600144e+135 1.404098371209757e+121 1.207295727316568e-14
 312 3.161392028042544e+135 3.873374817130363e+121 1.225211799983143e-14
 313 8.593554502463336e+135 1.058722450015633e+122 1.231995968271512e-14
 314 2.335970304591850e+136 2.892119863457338e+122 1.238080748617505e-14
 315 6.349825630791966e+136 7.746749634260726e+122 1.219994073017487e-14
 316 1.726061562606530e+137 2.107115900518917e+123 1.220765206854474e-14
 317 4.691921780434954e+137 5.784239726914675e+123 1.232808217527118e-14
 318 1.275396571630754e+138 1.586534325096597e+124 1.243953732028630e-14
 319 3.466887324742845e+138 4.296863797136616e+124 1.239401051909102e-14
 320 9.423976816163467e+138 1.176679624446643e+125 1.248601994041909e-14
 321 2.561702493119648e+139 3.173068650193193e+125 1.238656190059378e-14
 322 6.963429336965371e+139 8.778823265534501e+125 1.260704006707171e-14
 323 1.892856343043159e+140 2.369224592144251e+126 1.251666351148039e-14
 324 5.145317001177659e+140 6.430752464391538e+126 1.249826291153620e-14
 325 1.398642170596262e+141 1.743072378506128e+127 1.246260419677629e-14
 326 3.801903596848334e+141 4.873833446696745e+127 1.281945562937737e-14
 327 1.033464546086591e+142 1.313227345359956e+128 1.270703818851590e-14
 328 2.809247895983856e+142 3.574144527577613e+128 1.272278082930049e-14
 329 7.636327507289722e+142 9.639359483466895e+128 1.262303047409250e-14
 330 2.075769029922760e+143 2.686023766179539e+129 1.293989710540911e-14
 331 5.642525234117099e+143 7.278257947067139e+129 1.289893734645564e-14
 332 1.533797381052213e+144 1.958197971472825e+130 1.276699253541211e-14
 333 4.169293549452304e+144 5.406705903535589e+130 1.296791852002322e-14
 334 1.133331489298771e+145 1.455651589413428e+131 1.284400551081561e-14
 335 3.080714392981277e+145 3.992644359533973e+131 1.296012499123686e-14
 336 8.374249953113242e+145 1.097977198871843e+132 1.311134973304271e-14
 337 2.276357147452173e+146 3.016664627203447e+132 1.325215874222490e-14
 338 6.187780269002110e+146 8.162739579491679e+132 1.319170885944867e-14
 339 1.682013066372586e+147 2.235880841339025e+133 1.329288628037180e-14
 340 4.572185553551278e+147 6.104309598576386e+133 1.335096646249426e-14
 341 1.242848890656140e+148 1.660940053566133e+134 1.336397422126892e-14
 342 3.378413554991068e+148 4.485957751511949e+134 1.327829668716745e-14
 343 9.183480175551943e+148 1.237897202315955e+135 1.347960880463877e-14
 344 2.496328728321673e+149 3.361629099867182e+135 1.346629176569733e-14
 345 6.785725020057080e+149 9.085484053695086e+135 1.338911321463872e-14
 346 1.844551301494105e+150 2.507593598819844e+136 1.359459938462361e-14
 347 5.014010284511907e+150 6.832284008378705e+136 1.362638610751035e-14
 348 1.362949304409549e+151 1.831633585224929e+137 1.343875065124614e-14
 349 3.704880327287371e+151 5.058797521097424e+137 1.365441545800579e-14
 350 1.007090887028066e+152 1.372271511470106e+138 1.362609402136178e-14
 351 2.737556857815093e+152 3.721414268393507e+138 1.359392502760163e-14
 352 7.441451060972209e+152 1.014085388137231e+139 1.362752210325956e-14
 353 2.022796119640804e+153 2.753846558611195e+139 1.361405893491731e-14
 354 5.498529934697065e+153 7.591685107522755e+139 1.380675416463111e-14
 355 1.494655400472513e+154 2.083991990300364e+140 1.394295962562033e-14
 356 4.062894614912610e+154 5.656549687958131e+140 1.392246224451923e-14
 357 1.104409260266106e+155 1.548108335651699e+141 1.401752404066845e-14
 358 3.002095623363251e+155 4.239435134553883e+141 1.412158594003891e-14
 359 8.160541980284757e+155 1.133691642723398e+142 1.389235721674259e-14
 360 2.218265297538524e+156 3.124797132884660e+142 1.408667004957459e-14
 361 6.029870249000268e+156 8.459816628053592e+142 1.402984853522545e-14
 362 1.639088672582325e+157 2.316922752187650e+143 1.413543263975721e-14
 363 4.455504953913590e+157 6.341051742829359e+143 1.423194858589386e-14
 364 1.211131815283257e+158 1.731594899003402e+144 1.429732814506587e-14
 365 3.292197605353094e+158 4.682622825473988e+144 1.422339539358170e-14
 366 8.949120926327697e+158 1.268210348565872e+145 1.417133994507644e-14
 367 2.432623279471916e+159 3.472945262226541e+145 1.427654372764394e-14
 368 6.612555656074958e+159 9.521333078463776e+145 1.439887023062940e-14
 369 1.797478987958264e+160 2.591051296762274e+146 1.441491841696253e-14
 370 4.886054470003902e+160 7.117586694720462e+146 1.456714561496646e-14
 371 1.328167307867270e+161 1.947971095397179e+147 1.466660927323359e-14
 372 3.610333058128970e+161 5.244537564530867e+147 1.452646467816133e-14
 373 9.813902746596951e+161 1.438501731985609e+148 1.465779485622497e-14
 374 2.667695350233881e+162 3.875963000072336e+148 1.452925649749520e-14
 375 7.251547794405447e+162 1.054901270122780e+149 1.454725666893672e-14
 376 1.971175059773459e+163 2.908970169126454e+149 1.475754350027528e-14
 377 5.358209345693867e+163 7.927742878498469e+149 1.479550791510155e-14
 378 1.456512309747907e+164 2.173735950556032e+150 1.492425389066751e-14
 379 3.959210944514647e+164 5.881873748563380e+150 1.485617672559861e-14
 380 1.076225116551034e+165 1.575319230050018e+151 1.463745089966331e-14
 381 2.925483177651894e+165 4.296325172863686e+151 1.468586524675245e-14
 382 7.952287761273766e+165 1.194787571882092e+152 1.502445092216728e-14
 383 2.161655931614774e+166 3.207922795738219e+152 1.484011747115497e-14
 384 5.875990038289149e+166 8.707219017003737e+152 1.481830118884771e-14
 385 1.597259694528776e+167 2.383028362548391e+153 1.491947972337355e-14
 386 4.341802002967618e+167 6.494406966065945e+153 1.495786072609259e-14
 387 1.180224148743396e+168 1.780724490695501e+154 1.508801944606428e-14
 388 3.208181857037718e+168 4.818430974823121e+154 1.501919526242889e-14
 389 8.720742444377624e+168 1.324021033081831e+155 1.518243477005154e-14
 390 2.370543571722321e+169 3.620108141084501e+155 1.527121536287269e-14
 391 6.443805514583187e+169 9.787699788858096e+155 1.518931595112117e-14
 392 1.751607943641567e+170 2.627930354268749e+156 1.500295978793817e-14
 393 4.761364043785385e+170 7.293847513888773e+156 1.531881924342422e-14
 394 1.294272935890009e+171 1.973629327287550e+157 1.524894226371488e-14
 395 3.518198602696150e+171 5.406028157352855e+157 1.536589819918062e-14
 396 9.563455330618949e+171 1.458769502777755e+158 1.525358201974623e-14
 397 2.599616684250127e+172 4.015906631176407e+158 1.544807223121364e-14
 398 7.066490793756078e+172 1.084638030300636e+159 1.534903337394875e-14
 399 1.920871351564028e+173 2.965592589176423e+159 1.543878816643162e-14
 400 5.221469689764063e+173 8.127920429594642e+159 1.556634609127054e-14
 401 1.419342617553534e+174 2.218702603754213e+160 1.563190294094392e-14
 402 3.858173245653267e+174 6.062989293427355e+160 1.571466315116383e-14
 403 1.048760222470613e+175 1.651944908933830e+161 1.575140698073261e-14
 404 2.850825855152534e+175 4.463766030523328e+161 1.565779973005224e-14
 405 7.749348118162349e+175 1.223142187891432e+162 1.578380747955717e-14
 406 2.106491217200401e+176 3.374185345907397e+162 1.601803662106793e-14
 407 5.726036797524427e+176 8.997827589086393e+162 1.571388362885911e-14
 408 1.556498177579847e+177 2.496897155971474e+163 1.604176087024930e-14
 409 4.231000712144919e+177 6.748370691814795e+163 1.594982168744114e-14
 410 1.150105235202081e+178 1.835556828173624e+164 1.595990325051520e-14
 411 3.126310161665433e+178 5.002792139532034e+164 1.600222588556911e-14
 412 8.498192102582008e+178 1.353273269398593e+165 1.592424898217384e-14
 413 2.310048116720284e+179 3.714303228774863e+165 1.607889983715268e-14
 414 6.279361818546786e+179 1.013515299634691e+166 1.614041886615233e-14
 415 1.706907512567527e+180 2.741098196739279e+166 1.605885601040049e-14
 416 4.639855674272539e+180 7.555295870004062e+166 1.628347172929818e-14
 417 1.261243536604763e+181 2.045458150171831e+167 1.621778895833358e-14
 418 3.428415386814148e+181 5.601975474344475e+167 1.633983879517618e-14
 419 9.319399246386286e+181 1.533172235083751e+168 1.645140630366553e-14
 420 2.533275362360677e+182 4.127771402148561e+168 1.629420734705297e-14
 421 6.886156383988030e+182 1.132188727446462e+169 1.644151924982525e-14
 422 1.871851376652191e+183 3.113519000477772e+169 1.663336651249687e-14
 423 5.088219582729699e+183 8.302717334607391e+169 1.631752953977901e-14
 424 1.383121483094360e+184 2.283247267017033e+170 1.650793003307912e-14
 425 3.759713994046724e+184 6.189298376707328e+170 1.646215213845442e-14
 426 1.021996223022039e+185 1.675639316620764e+171 1.639574862288537e-14
 427 2.778073761794586e+185 4.649521707380139e+171 1.673649480198334e-14
 428 7.551587424805085e+185 1.255974694980609e+172 1.663192947823188e-14
 429 2.052734287286750e+186 3.429777051677817e+172 1.670833421022653e-14
 430 5.579910311786402e+186 9.274890055241420e+172 1.662193393261204e-14
 431 1.516776880496022e+187 2.531272077576304e+173 1.668849327890941e-14
 432 4.123027032079133e+187 6.878876790970720e+173 1.668404484726816e-14
 433 1.120754945954613e+188 1.901352461324491e+174 1.696492590273600e-14
 434 3.046527803744025e+188 5.193938430935195e+174 1.704871501435869e-14
 435 8.281321168812626e+188 1.422149808470351e+175 1.717298217857017e-14
 436 2.251096484881659e+189 3.808888182685810e+175 1.692014628544918e-14
 437 6.119114668961844e+189 1.038787686187039e+176 1.697611080008209e-14
 438 1.663347821089617e+190 2.849246224970164e+176 1.712958762349354e-14
 439 4.521448156474852e+190 7.677135661725165e+176 1.697937341320893e-14
 440 1.229057036206524e+191 2.105276377339066e+177 1.712919999088884e-14
 441 3.340923407659925e+191 5.698492449940328e+177 1.705663900248378e-14
 442 9.081571389315442e+191 1.582914569427869e+178 1.742996340137989e-14
 443 2.468627048142974e+192 4.254874362622112e+178 1.723579252614462e-14
 444 6.710424046209538e+192 1.154894469854573e+179 1.721045439009073e-14
 445 1.824082374606601e+193 3.160763812233569e+179 1.732796641333290e-14
 446 4.958369972505546e+193 8.671839177153638e+179 1.748929431494523e-14
 447 1.347824699503880e+194 2.334102507495559e+180 1.731755255972617e-14
 448 3.663767388609672e+194 6.353945714849020e+180 1.734265590824045e-14
 449 9.959152316158518e+194 1.737609644468916e+181 1.744736488917516e-14
 450 2.707178276786951e+195 4.720073959602129e+181 1.743540128138221e-14
 451 7.358873516189040e+195 1.296723615275310e+182 1.762122439558994e-14
 452 2.000349215698519e+196 3.527088233548844e+182 1.763236241886490e-14
 453 5.437512923605586e+196 9.543885808426284e+182 1.755193218391062e-14
 454 1.478069257224828e+197 2.622493839532788e+183 1.774269931340492e-14
 455 4.017808803118209e+197 7.037578404822164e+183 1.751596143490034e-14
 456 1.092153665973901e+198 1.938653673781200e+184 1.775074089095744e-14
 457 2.968781464101786e+198 5.258266128885994e+184 1.771186661082479e-14
 458 8.069984706533921e+198 1.434072580605271e+185 1.777044979334550e-14
 459 2.193649278371356e+199 3.909175627131406e+185 1.782042218724097e-14
 460 5.962956971409156e+199 1.045279569863398e+186 1.752955077280021e-14
 461 1.620899757926469e+200 2.923383512463486e+186 1.803556017679475e-14
 462 4.406062357725185e+200 7.886336917343358e+186 1.789883183000390e-14
 463 1.197691924206179e+201 2.134749820729150e+187 1.782386419733143e-14
 464 3.255664193661803e+201 5.873961290159191e+187 1.804228243685188e-14
 465 8.849812817195649e+201 1.599022795654446e+188 1.806843634644409e-14
 466 2.405628536624688e+202 4.351082437154956e+188 1.808709188019491e-14
 467 6.539176337129414e+202 1.192196587780458e+189 1.823160175404922e-14
 468 1.777532421030827e+203 3.237205333243287e+189 1.821179346684415e-14
 469 4.831834079584908e+203 8.911016831293350e+189 1.844230717470927e-14
 470 1.313428677666479e+204 2.394835773410088e+190 1.823346645411234e-14
 471 3.570269307477783e+204 6.516181057883262e+190 1.825123120050184e-14
 472 9.704998181221917e+204 1.782203366258670e+191 1.836376816336796e-14
 473 2.638092020124363e+205 4.811949088898409e+191 1.824026247830266e-14
 474 7.171077600106866e+205 1.336652524694003e+192 1.863949324260671e-14
 475 1.949300993084019e+206 3.635694867167687e+192 1.865127489324057e-14
 476 5.298749467697462e+206 9.695186312447165e+192 1.829712155962744e-14
 477 1.440349439159905e+207 2.651918608992901e+193 1.841163357233404e-14
 478 3.915275707099546e+207 7.242874480475235e+193 1.849901519666105e-14
 479 1.064282280801584e+208 1.961849465577544e+194 1.843354437978561e-14
 480 2.893019184253891e+208 5.429304334970412e+194 1.876691438660691e-14
 481 7.864041477940763e+208 1.469105878874347e+195 1.868130887909609e-14
 482 2.137668104773459e+209 4.014947743507532e+195 1.878190414378204e-14
 483 5.810784364482179e+209 1.087685843241131e+196 1.871839970330854e-14
 484 1.579534954706585e+210 3.007560855136551e+196 1.904079961114401e-14
 485 4.293621164794791e+210 8.059095106967846e+196 1.876992589157088e-14
 486 1.167127239054884e+211 2.219171116411436e+197 1.901396045052017e-14
 487 3.172580765422467e+211 5.980082166329764e+197 1.884926691703448e-14
 488 8.623968643966582e+211 1.625834838970905e+198 1.885251333918469e-14
 489 2.344237725409494e+212 4.485061624747323e+198 1.913228157764532e-14
 490 6.372298810568794e+212 1.210966638681777e+199 1.900360724882086e-14
 491 1.732170406228034e+213 3.348846013144668e+199 1.933323650550698e-14
 492 4.708527339044187e+213 8.970123249494646e+199 1.905080421878902e-14
 493 1.279910430452644e+214 2.439873523862544e+200 1.906284585085908e-14
 494 3.479157265154615e+214 6.697692026289335e+200 1.925090335343518e-14
 495 9.457329972221058e+214 1.837081241496503e+201 1.942494601428255e-14
 496 2.570768820922959e+215 4.975428362386363e+201 1.935385368724086e-14
 497 6.988074171083964e+215 1.362501920776573e+202 1.949753089934973e-14
 498 1.899555503518154e+216 3.704780503684615e+202 1.950340749097889e-14
 499 5.163527207362770e+216 1.010394682823077e+203 1.956791631469156e-14
 500 1.403592217852810e+217 2.743374653968112e+203 1.954538233451363e-14
 501 3.815359220355823e+217 7.495291465305734e+203 1.964504790352799e-14
 502 1.037122163773690e+218 2.018339923990825e+204 1.946096607025405e-14
 503 2.819190331678148e+218 5.525940374421482e+204 1.960116105794147e-14
 504 7.663353849568137e+218 1.520613379628039e+205 1.984266170501487e-14
 505 2.083115551433274e+219 4.107223767655116e+205 1.971673517980876e-14
 506 5.662495150041511e+219 1.128702714775452e+206 1.993295684795734e-14
 507 1.539225767009532e+220 3.060038471169002e+206 1.988037451526143e-14
 508 4.184049432357947e+220 8.226988676585515e+206 1.966274254066149e-14
 509 1.137342554135299e+221 2.247372516530677e+207 1.975985606411530e-14
 510 3.091617597639181e+221 6.140142768378457e+207 1.986061527488778e-14
 511 8.403887936206794e+221 1.653424065733284e+208 1.967451349047354e-14
 512 2.284413586539712e+222 4.494745033061354e+208 1.967570609606519e-14
 513 6.209679940975852e+222 1.232844351925400e+209 1.985358929355155e-14
 514 1.687966014410129e+223 3.364637710463071e+209 1.993308918390081e-14
 515 4.588367344027493e+223 9.143595610113384e+209 1.992777588310417e-14
 516 1.247247557356483e+224 2.486236109716223e+210 1.993378215136178e-14
 517 3.390370370752058e+224 6.780643935589700e+210 1.999971446802612e-14
 518 9.215982170561274e+224 1.841047565541931e+211 1.997668323863312e-14
 519 2.505163686563926e+225 4.997129106470955e+211 1.994731575135116e-14
 520 6.809740926502192e+225 1.354484994648706e+212 1.989040419110972e-14
 521 1.851079501702477e+226 3.708395810591603e+212 2.003369281103763e-14
 522 5.031755772510867e+226 1.009946093097288e+213 2.007144501358261e-14
 523 1.367773028166019e+227 2.756311212411348e+213 2.015181726537737e-14
 524 3.717992567920093e+227 7.448352436592497e+213 2.003326338212459e-14
 525 1.010655163572297e+228 2.053557055964485e+214 2.031906757103888e-14
 526 2.747245565976879e+228 5.554703512035082e+214 2.021917363641249e-14
 527 7.467787700309634e+228 1.521652113599913e+215 2.037621012628441e-14
 528 2.029955160454164e+229 4.120580059836934e+215 2.029887231063287e-14
 529 5.517990225249218e+229 1.131139624268962e+216 2.049912337816573e-14
 530 1.499945255890958e+230 3.081008881342126e+216 2.054080886780115e-14
 531 4.077273932771745e+230 8.445842527874918e+216 2.071443485803125e-14
 532 1.108317964110318e+231 2.292442971851763e+217 2.068398281076298e-14
 533 3.012720581995802e+231 6.205108795989736e+217 2.059636341010792e-14
 534 8.189423612263745e+231 1.709852201561616e+218 2.087878564495180e-14
 535 2.226116139076998e+232 4.577991378374649e+218 2.056492605220857e-14
 536 6.051211048892410e+232 1.257568715987253e+219 2.078209974542920e-14
 537 1.644889703437484e+233 3.397641794070824e+219 2.065574236965825e-14
 538 4.471273790673500e+233 9.354546238220970e+219 2.092143464292736e-14
 539 1.215418229525297e+234 2.541612562837396e+220 2.091142374777502e-14
 540 3.303849287296479e+234 6.918834198835133e+220 2.094173673550580e-14
 541 8.980793481625386e+234 1.877969282540965e+221 2.091095053441849e-14
 542 2.441232772624573e+235 5.111465265261874e+221 2.093804950753029e-14
 543 6.635958684864069e+235 1.389414867684443e+222 2.093766603540727e-14
 544 1.803840590747098e+236 3.795474760503844e+222 2.104107635659684e-14
 545 4.903347099264666e+236 1.030200292136758e+223 2.101014411749991e-14
 546 1.332867931855851e+237 2.801421847038552e+223 2.101800020905240e-14
 547 3.623110678899549e+237 7.663244278350619e+223 2.115100795286272e-14
 548 9.848635920948558e+237 2.082089011476395e+224 2.114088720700583e-14
 549 2.677136805902348e+238 5.667908975685741e+224 2.117153282263934e-14
 550 7.277212331783241e+238 1.561566758607296e+225 2.145830968525062e-14
 551 1.978151404332446e+239 4.210446667652265e+225 2.128475433392388e-14
 552 5.377173016337630e+239 1.147462388546991e+226 2.133951027911173e-14
 553 1.461667169879089e+240 3.127760381684539e+226 2.139858133328172e-14
 554 3.973223307137488e+240 8.513430624703480e+226 2.142701269624080e-14
 555 1.080034071620179e+241 2.324536709701646e+227 2.152280905559365e-14
 556 2.935836991001766e+241 6.336953578040156e+227 2.158482775938408e-14
 557 7.980432343957982e+241 1.717492091244528e+228 2.152129129375865e-14
 558 2.169306422382781e+242 4.643151032881759e+228 2.140385048868149e-14
 559 5.896786228322616e+242 1.269759670216644e+229 2.153307956320195e-14
 560 1.602912685075691e+243 3.468149547009640e+229 2.163654688930152e-14
 561 4.357168424447748e+243 9.475818434452569e+229 2.174765240031681e-14
 562 1.184401175171184e+244 2.592583923666223e+230 2.188940688353768e-14
 563 3.219536192073368e+244 7.034847605737587e+230 2.185050015296512e-14
 564 8.751606726979266e+244 1.916389520183688e+231 2.189757355384678e-14
 565 2.378933353576768e+245 5.191232371130496e+231 2.182168055832832e-14
 566 6.466611306142865e+245 1.416672759224397e+232 2.190749825768326e-14
 567 1.757807200519596e+246 3.881295230751772e+232 2.208032388082429e-14
 568 4.778215371106883e+246 1.055712302764482e+233 2.209428041164089e-14
 569 1.298853601574353e+247 2.872158470756312e+233 2.211302695911949e-14
 570 3.530650142988149e+247 7.886791908887601e+233 2.233807256306810e-14
 571 9.597302126331015e+247 2.123844750267370e+234 2.212960186426164e-14
 572 2.608817197223696e+248 5.713266579666609e+234 2.189983485905670e-14
 573 7.091500380984629e+248 1.569906294934477e+235 2.213785814838384e-14
 574 1.927669662214091e+249 4.292402021593000e+235 2.226731117749093e-14
 575 5.239949414068350e+249 1.168487216989206e+236 2.229958964588516e-14
 576 1.424365927430662e+250 3.163659267766693e+236 2.221100074665118e-14
 577 3.871828017610982e+250 8.648395184246637e+236 2.233672349316518e-14
 578 1.052471974319054e+251 2.352872219243570e+237 2.235567574866657e-14
 579 2.860915442753900e+251 6.409987018912213e+237 2.240537040389421e-14
 580 7.776774460795789e+251 1.739853619419029e+238 2.237243253215025e-14
 581 2.113946470080558e+252 4.761704642620501e+238 2.252519025441095e-14
 582 5.746302275955123e+252 1.302346568921847e+239 2.266408041866152e-14
 583 1.562006905756167e+253 3.516335736088986e+239 2.251165294552094e-14
 584 4.245974987844528e+253 9.637364610021664e+239 2.269764809640125e-14
 585 1.154175665354940e+254 2.591669672154475e+240 2.245472461384349e-14
 586 3.137374737983960e+254 7.136859197691719e+240 2.274786977560029e-14
 587 8.528268739328256e+254 1.937891694555708e+241 2.272315464942008e-14
 588 2.318223794233133e+255 5.251061365892885e+241 2.265122711170313e-14
 589 6.301585614165305e+255 1.433623103069169e+242 2.275019639257989e-14
 590 1.712948566546448e+256 3.900788443234715e+242 2.277236175922823e-14
 591 4.656276961528180e+256 1.060214294827897e+243 2.276957113135162e-14
 592 1.265707305279455e+257 2.907254292735616e+243 2.296940438448150e-14
 593 3.440549168089007e+257 7.894929088529747e+243 2.294671200096480e-14
 594 9.352382283536232e+257 2.155102264706769e+244 2.304335087436035e-14
 595 2.542241081413885e+258 5.889190347119487e+244 2.316534962075341e-14
 596 6.910527735169434e+258 1.604590993128208e+245 2.321951455258672e-14
 597 1.878476196757331e+259 4.369949938732141e+245 2.326327023081607e-14
 598 5.106227710838313e+259 1.181252092813532e+246 2.313355689771227e-14
 599 1.388016599834581e+260 3.222838079814954e+246 2.321901683451798e-14
 600 3.773020300929852e+260 8.794524251698434e+246 2.330897676201489e-14
 601 1.025613252242470e+261 2.381622716609017e+247 2.322145030206735e-14
 602 2.787905866597487e+261 6.554924908098212e+247 2.351200227609622e-14
 603 7.578313856626317e+261 1.782939575002714e+248 2.352686374217332e-14
 604 2.059999284682671e+262 4.789465132850427e+248 2.324983881529945e-14
 605 5.599658622191535e+262 1.307489021668657e+249 2.334944163358561e-14
 606 1.522145027827726e+263 3.579862989809370e+249 2.351854077215126e-14
 607 4.137619169423397e+263 9.676817144328454e+249 2.338740407971616e-14
 608 1.124721500132742e+264 2.662523098670719e+250 2.367273230178743e-14
 609 3.057310015888031e+264 7.204474266991357e+250 2.356474884637675e-14
 610 8.310630260154270e+264 1.968924644395154e+251 2.369164049849818e-14
 611 2.259063521921922e+265 5.333995854815962e+251 2.361153550156929e-14
 612 6.140771320975052e+265 1.453424373862604e+252 2.366843345718050e-14
 613 1.669234709452893e+266 3.952168740749545e+252 2.367653103765680e-14
 614 4.537450378138913e+266 1.082550568118354e+253 2.385812467137931e-14
 615 1.233406891042963e+267 2.932623761251836e+253 2.377661242651258e-14
 616 3.352747539018252e+267 8.018893097172989e+253 2.391737822144841e-14
 617 9.113712710724098e+267 2.181138922431053e+254 2.393249591754751e-14
 618 2.477363965135754e+268 5.938563116534968e+254 2.397129852580845e-14
 619 6.734173448907766e+268 1.627606187494769e+255 2.416935351967738e-14
 620 1.830538131585736e+269 4.398935641877754e+255 2.403083315214580e-14
 621 4.975918539390879e+269 1.196510494590749e+256 2.404602256083595e-14
 622 1.352594894551870e+270 3.261077622512042e+256 2.410978804997245e-14
 623 3.676734123126826e+270 8.868254254025552e+256 2.411992261894551e-14
 624 9.994399554970952e+270 2.421174177289516e+257 2.422530902404524e-14
 625 2.716759469663671e+271 6.606614809348136e+257 2.431799680140996e-14
 626 7.384917898680788e+271 1.801804038913128e+258 2.439843020103169e-14
 627 2.007428812864594e+272 4.894900972380665e+258 2.438393302423341e-14
 628 5.456757263934941e+272 1.321322961869627e+259 2.421443538642589e-14
 629 1.483300411286624e+273 3.627632131678431e+259 2.445648975807807e-14
 630 4.032028554146259e+273 9.897910187096117e+259 2.454821451330693e-14
 631 1.096018995056377e+274 2.690694031443605e+260 2.454970254694536e-14
 632 2.979288517907694e+274 7.341750857224692e+260 2.464263132991458e-14
 633 8.098545839965167e+274 1.983425886035571e+261 2.449113612776812e-14
 634 2.201412999371991e+275 5.442889640748777e+261 2.472452757525054e-14
 635 5.984060953126405e+275 1.476037868677635e+262 2.466615698335209e-14
 636 1.626636414927483e+276 3.985302245429613e+262 2.450026452658311e-14
 637 4.421656208207143e+276 1.092268022821450e+263 2.470268992858523e-14
 638 1.201930772246260e+277 2.971756242270971e+263 2.472485363459932e-14
 639 3.267186577262756e+277 8.029646005606332e+263 2.457663746994687e-14
 640 8.881133903158653e+277 2.204216550558601e+264 2.481908925812561e-14
 641 2.414142490506772e+278 5.982873494373345e+264 2.478260300665779e-14
 642 6.562319663255422e+278 1.624822485840340e+265 2.475988018289102e-14
 643 1.783823429316669e+279 4.433624147409300e+265 2.485461326801662e-14
 644 4.848934813091000e+279 1.209170222020718e+266 2.493682156246438e-14
 645 1.318077138980772e+280 3.305065273523296e+266 2.507490021470974e-14
 646 3.582905135398720e+280 8.988165317020672e+266 2.508624978154894e-14
 647 9.739345922646936e+280 2.434462713668379e+267 2.499616229882044e-14
 648 2.647428704260786e+281 6.610130547046593e+267 2.496811542614240e-14
 649 7.196457338932970e+281 1.805694198217606e+268 2.509143198068814e-14
 650 1.956199921370223e+282 4.901169966590644e+268 2.505454536138420e-14
 651 5.317502699093689e+282 1.341372832961650e+269 2.522561640053841e-14
 652 1.445447095972830e+283 3.632024901557699e+269 2.512734579962772e-14
 653 3.929132574981841e+283 9.905522458793723e+269 2.521045617515083e-14
 654 1.068048968017964e+284 2.707509472070284e+270 2.535004998033710e-14
 655 2.903258101667667e+284 7.363105027703334e+270 2.536152408727931e-14
 656 7.891873741089721e+284 1.994311855037136e+271 2.527044806423574e-14
 657 2.145233698289729e+285 5.467848397254135e+271 2.548835775614254e-14
 658 5.831349779858964e+285 1.489790577802576e+272 2.554795431665236e-14
 659 1.585125214197928e+286 4.036170217876482e+272 2.546278478018396e-14
 660 4.308817065586478e+286 1.098852624762184e+273 2.550241999221700e-14
 661 1.171257913153795e+287 2.992260224352408e+273 2.554740668769767e-14
 662 3.183809101764823e+287 8.182225698229183e+273 2.569948585703106e-14
 663 8.654490426609833e+287 2.231516099517050e+274 2.578448862403083e-14
 664 2.352534406122628e+288 6.085952998682864e+274 2.586977254336330e-14
 665 6.394851526987831e+288 1.644559743644080e+275 2.571693395387896e-14
 666 1.738300870150460e+289 4.500900351025904e+275 2.589252774542031e-14
 667 4.725191667724541e+289 1.220436441335870e+276 2.582829495937850e-14
 668 1.284440264636171e+290 3.306430642484414e+276 2.574219084778527e-14
 669 3.491470631101631e+290 9.001800702051809e+276 2.578226098156110e-14
 670 9.490801171121997e+290 2.465108499946495e+277 2.597366076372108e-14
 671 2.579867236097875e+291 6.702879291989347e+277 2.598148927278773e-14
 672 7.012806227721714e+291 1.828057988724367e+278 2.606742478493175e-14
 673 1.906278373532036e+292 4.963454417869797e+278 2.603740611437191e-14
 674 5.181801862756598e+292 1.347223341993231e+279 2.599912882961023e-14
 675 1.408559784220649e+293 3.687137567560421e+279 2.617664943203317e-14
 676 3.828862465745184e+293 9.997815327423449e+279 2.611171181223833e-14
 677 1.040792726430403e+294 2.736990578996774e+280 2.629717242917142e-14
 678 2.829167955448110e+294 7.431000328467925e+280 2.626567402673319e-14
 679 7.690475842953226e+294 2.019416883156169e+281 2.625867273228039e-14
 680 2.090488073610301e+295 5.490998715997673e+281 2.626658714447791e-14
 681 5.682535743105236e+295 1.506621135298535e+282 2.651318361044286e-14
 682 1.544673365005198e+296 4.066061859118938e+282 2.632311756799959e-14
 683 4.198857538998316e+296 1.110906186509281e+283 2.645734407970175e-14
 684 1.141367814854739e+297 3.020503095345497e+283 2.646388881860940e-14
 685 3.102559390707644e+297 8.248296914212703e+283 2.658546018141299e-14
 686 8.433630813475557e+297 2.242142682314157e+284 2.658573432846481e-14
 687 2.292498538820288e+298 6.087475469080924e+284 2.655389029043185e-14
 688 6.231657119844102e+298 1.654306310681534e+285 2.654681216996932e-14
 689 1.693940031005965e+299 4.535401570857238e+285 2.677427469592203e-14
 690 4.604606404782866e+299 1.234224034036560e+286 2.680411582528650e-14
 691 1.251661791732740e+300 3.375528382244568e+286 2.696837440065699e-14
 692 3.402369503843597e+300 9.100543479884032e+286 2.674766356094865e-14
 693 9.248599196001267e+300 2.486292270974853e+287 2.688290646274118e-14
 694 2.514029913319118e+301 6.804589373194335e+287 2.706646144958020e-14
 695 6.833841829577827e+301 1.836763285351758e+288 2.687746265068630e-14
 696 1.857630806390472e+302 5.024927537128125e+288 2.705019490332402e-14
 697 5.049564064996943e+302 1.362821256281719e+289 2.698888931281524e-14
 698 1.372613823952098e+303 3.745855073131875e+289 2.728994133504079e-14
 699 3.731151215140671e+303 1.011076328682750e+290 2.709824047280353e-14
 700 1.014232054734977e+304 2.740869565706250e+290 2.702408736649967e-14
 701 2.756968564226768e+304 7.503891788777999e+290 2.721790841631368e-14
 702 7.494217549770446e+304 2.046515942394000e+291 2.730793346740630e-14
 703 2.037139538405988e+305 5.535338358475199e+291 2.717211194480309e-14
 704 5.537519389284443e+305 1.504676483360160e+292 2.717239214135905e-14
 705 1.505253833063153e+306 4.116420638415360e+292 2.734701980488267e-14
 706 4.091704141633894e+306 1.116423173145984e+293 2.728504150107430e-14
 707 1.112240501563403e+307 3.056130473975040e+293 2.747724498145176e-14
 708 3.023383144275972e+307 8.282737284569087e+293 2.739559258392507e-14
 709 8.218407461554748e+307 2.245320348226560e+294 2.732062578705234e-14
