-708 3.307553003638498e-308 2.731148640577885e-14
-707 8.990861226455666e-308 2.742250870824137e-14
-706 2.443969469407144e-307 2.731148640577885e-14
-705 6.643397797998133e-307 2.720046410331634e-14
-704 1.805862751352316e-306 2.708944180085382e-14
-703 4.908843901692055e-306 2.720046410331634e-14
-702 1.334362117671152e-305 2.731148640577885e-14
-701 3.627172297049621e-305 2.708944180085382e-14
-700 9.859676543760038e-305 2.708944180085382e-14
-699 2.680137958338680e-304 2.720046410331634e-14
-698 7.285370309915360e-304 2.731148640577885e-14
-697 1.980368972703796e-303 2.697841949839130e-14
-696 5.383200992144835e-303 2.697841949839130e-14
-695 1.463305743589001e-302 2.686739719592879e-14
-694 3.977677412277732e-302 2.697841949839130e-14
-693 1.081244822926656e-301 2.686739719592879e-14
-692 2.939128154276946e-301 2.664535259100376e-14
-691 7.989378653283396e-301 2.697841949839130e-14
-690 2.171738281389885e-300 2.675637489346627e-14
-689 5.903396706471002e-300 2.686739719592879e-14
-688 1.604709599338510e-299 2.664535259100376e-14
-687 4.362052943835666e-299 2.664535259100376e-14
-686 1.185728925200477e-298 2.653433028854124e-14
-685 3.223145390850733e-298 2.664535259100376e-14
-684 8.761417546431071e-298 2.631228568361621e-14
-683 2.381600210800582e-297 2.653433028854124e-14
-682 6.473860575673452e-297 2.642330798607873e-14
-681 1.759777756283056e-296 2.653433028854124e-14
-680 4.783571897030661e-296 2.631228568361621e-14
-679 1.300309656282581e-295 2.620126338115369e-14
-678 3.534608110042766e-295 2.631228568361621e-14
-677 9.608060996253220e-295 2.620126338115369e-14
-676 2.611741761284124e-294 2.609024107869118e-14
-675 7.099450170326256e-294 2.620126338115369e-14
-674 1.929830639004833e-293 2.597921877622866e-14
-673 5.245823558010346e-293 2.609024107869118e-14
-672 1.425962685304190e-292 2.609024107869118e-14
-671 3.876168455523043e-292 2.609024107869118e-14
-670 1.053651827669445e-291 2.586819647376615e-14
-669 2.864122616676513e-291 2.586819647376615e-14
-668 7.785492463390336e-291 2.564615186884112e-14
-667 2.116316268883880e-290 2.597921877622866e-14
-666 5.752744056979299e-290 2.597921877622866e-14
-665 1.563757963386259e-289 2.564615186884112e-14
-664 4.250734855980994e-289 2.597921877622866e-14
-663 1.155469531661061e-288 2.575717417130363e-14
-662 3.140891831252346e-288 2.564615186884112e-14
-661 8.537829190048704e-288 2.564615186884112e-14
-660 2.320822594179660e-287 2.564615186884112e-14
-659 6.308649884835751e-287 2.553512956637860e-14
-658 1.714868834405927e-286 2.553512956637860e-14
-657 4.661496790756375e-286 2.542410726391608e-14
-656 1.267126201973321e-285 2.520206265899105e-14
-655 3.444406129188404e-285 2.531308496145357e-14
-654 9.362866590805796e-285 2.531308496145357e-14
-653 2.545091011607368e-284 2.520206265899105e-14
-652 6.918274648626757e-284 2.509104035652854e-14
-651 1.880582026165100e-283 2.531308496145357e-14
-650 5.111951948651284e-283 2.509104035652854e-14
-649 1.389572608997459e-282 2.498001805406602e-14
-648 3.777249972362219e-282 2.509104035652854e-14
-647 1.026762996141965e-281 2.498001805406602e-14
-646 2.791031194546869e-281 2.498001805406602e-14
-645 7.586809378799095e-281 2.498001805406602e-14
-644 2.062308607037224e-280 2.486899575160351e-14
-643 5.605936011183970e-280 2.475797344914099e-14
-642 1.523851399070557e-279 2.475797344914099e-14
-641 4.142257567365387e-279 2.475797344914099e-14
-640 1.125982347416630e-278 2.486899575160351e-14
-639 3.060737354148285e-278 2.453592884421596e-14
-638 8.319946731467101e-278 2.464695114667848e-14
-637 2.261596001389425e-277 2.453592884421596e-14
-636 6.147655313892510e-277 2.442490654175344e-14
-635 1.671105972738370e-276 2.475797344914099e-14
-634 4.542536999124088e-276 2.475797344914099e-14
-633 1.234789577982189e-275 2.453592884421596e-14
-632 3.356506071799597e-275 2.464695114667848e-14
-631 9.123929462085296e-275 2.442490654175344e-14
-630 2.480141166092857e-274 2.464695114667848e-14
-629 6.741722663803440e-274 2.453592884421596e-14
-628 1.832590220952740e-273 2.431388423929093e-14
-627 4.981496696627580e-273 2.453592884421596e-14
-626 1.354111194897151e-272 2.442490654175344e-14
-625 3.680855854801890e-272 2.442490654175344e-14
-624 1.000560358328506e-271 2.431388423929093e-14
-623 2.719805040320849e-271 2.409183963436590e-14
-622 7.393196618055485e-271 2.420286193682841e-14
-621 2.009679202108509e-270 2.409183963436590e-14
-620 5.462874456123634e-270 2.398081733190338e-14
-619 1.484963236523396e-269 2.409183963436590e-14
-618 4.036548581771279e-269 2.398081733190338e-14
-617 1.097247665952100e-268 2.386979502944087e-14
-616 2.982628391676694e-268 2.398081733190338e-14
-615 8.107624558140783e-268 2.386979502944087e-14
-614 2.203880850836239e-267 2.386979502944087e-14
-613 5.990769268917007e-267 2.375877272697835e-14
-612 1.628459924218798e-266 2.364775042451583e-14
-611 4.426613020377752e-266 2.364775042451583e-14
-610 1.203278173491305e-265 2.364775042451583e-14
-609 3.270849193582805e-265 2.342570581959080e-14
-608 8.891089926546061e-265 2.364775042451583e-14
-607 2.416848818252542e-264 2.331468351712829e-14
-606 6.569676224788603e-264 2.342570581959080e-14
-605 1.785823150070228e-263 2.353672812205332e-14
-604 4.854370617677390e-263 2.320366121466577e-14
-603 1.319554743863797e-262 2.353672812205332e-14
-602 3.586921681901888e-262 2.353672812205332e-14
-601 9.750264028019656e-262 2.320366121466577e-14
-600 2.650396553004373e-261 2.331468351712829e-14
-599 7.204524788242276e-261 2.320366121466577e-14
-598 1.958392881456173e-260 2.320366121466577e-14
-597 5.323463782645864e-260 2.320366121466577e-14
-596 1.447067486482610e-259 2.320366121466577e-14
-595 3.933537253059584e-259 2.309263891220326e-14
-594 1.069246283655858e-258 2.309263891220326e-14
-593 2.906512743009084e-258 2.287059430727822e-14
-592 7.900720773506247e-258 2.298161660974074e-14
-591 2.147638571035092e-257 2.275957200481571e-14
-590 5.837886901742441e-257 2.275957200481571e-14
-589 1.586902188160555e-256 2.287059430727822e-14
-588 4.313647381618733e-256 2.264854970235319e-14
-587 1.172570929183414e-255 2.264854970235319e-14
-586 3.187378249378614e-255 2.287059430727822e-14
-585 8.664192375711486e-255 2.253752739989068e-14
-584 2.355171669316994e-254 2.264854970235319e-14
-583 6.402020351605940e-254 2.253752739989068e-14
-582 1.740249558719541e-253 2.264854970235319e-14
-581 4.730488752451201e-253 2.242650509742816e-14
-580 1.285880161551800e-252 2.242650509742816e-14
-579 3.495384676722239e-252 2.231548279496565e-14
-578 9.501440650208256e-252 2.242650509742816e-14
-577 2.582759346364320e-251 2.231548279496565e-14
-576 7.020667798504890e-251 2.209343819004062e-14
-575 1.908415370032341e-250 2.231548279496565e-14
-574 5.187610821510859e-250 2.231548279496565e-14
-573 1.410138822923047e-249 2.220446049250313e-14
-572 3.833154737956344e-249 2.198241588757810e-14
-571 1.041959486985843e-248 2.209343819004062e-14
-570 2.832339539464125e-248 2.231548279496565e-14
-569 7.699097102151391e-248 2.209343819004062e-14
-568 2.092831574831982e-247 2.220446049250313e-14
-567 5.688906039891102e-247 2.198241588757810e-14
-566 1.546404991204689e-246 2.187139358511558e-14
-565 4.203564587030076e-246 2.198241588757810e-14
-564 1.142647323167781e-245 2.209343819004062e-14
-563 3.106037454904348e-245 2.198241588757810e-14
-562 8.443085172179670e-245 2.176037128265307e-14
-561 2.295068499966800e-244 2.164934898019055e-14
-560 6.238642998528512e-244 2.164934898019055e-14
-559 1.695838989714330e-243 2.142730437526552e-14
-558 4.609768309732809e-243 2.131628207280301e-14
-557 1.253064942975307e-242 2.153832667772804e-14
-556 3.406183664368845e-242 2.142730437526552e-14
-555 9.258967159247874e-242 2.142730437526552e-14
-554 2.516848217928256e-241 2.131628207280301e-14
-553 6.841502775783909e-241 2.142730437526552e-14
-552 1.859713267476552e-240 2.131628207280301e-14
-551 5.055224781125707e-240 2.131628207280301e-14
-550 1.374152566130986e-239 2.142730437526552e-14
-549 3.735333950044226e-239 2.120525977034049e-14
-548 1.015369039963137e-238 2.120525977034049e-14
-547 2.760059210511700e-238 2.109423746787797e-14
-546 7.502618797404972e-238 2.087219286295294e-14
-545 2.039423234284119e-237 2.098321516541546e-14
-544 5.543727118291695e-237 2.109423746787797e-14
-543 1.506941268758794e-236 2.098321516541546e-14
-542 4.096291067422049e-236 2.087219286295294e-14
-541 1.113487357265246e-235 2.087219286295294e-14
-540 3.026772449473003e-235 2.076117056049043e-14
-539 8.227620548282939e-235 2.087219286295294e-14
-538 2.236499142785376e-234 2.098321516541546e-14
-537 6.079434979197718e-234 2.076117056049043e-14
-536 1.652561763125145e-233 2.098321516541546e-14
-535 4.492128611109322e-233 2.065014825802791e-14
-534 1.221087157467944e-232 2.076117056049043e-14
-533 3.319259031109821e-232 2.065014825802791e-14
-532 9.022681508214403e-232 2.076117056049043e-14
-531 2.452619118775266e-231 2.065014825802791e-14
-530 6.666909982698042e-231 2.053912595556540e-14
-529 1.812254025794030e-230 2.053912595556540e-14
-528 4.926217186867660e-230 2.042810365310288e-14
-527 1.339084666210500e-229 2.031708135064036e-14
-526 3.640009514928147e-229 2.031708135064036e-14
-525 9.894571719847205e-229 2.031708135064036e-14
-524 2.689623450644541e-228 1.998401444325282e-14
-523 7.311154551284371e-228 2.020605904817785e-14
-522 1.987377856181195e-227 2.020605904817785e-14
-521 5.402253112739236e-227 1.998401444325282e-14
-520 1.468484646909538e-226 2.009503674571533e-14
-519 3.991755131065294e-226 2.009503674571533e-14
-518 1.085071543643294e-225 2.009503674571533e-14
-517 2.949530259663573e-225 2.009503674571533e-14
-516 8.017654507333579e-225 1.987299214079030e-14
-515 2.179424455414763e-224 1.998401444325282e-14
-514 5.924289893653199e-224 1.987299214079030e-14
-513 1.610388956444106e-223 1.976196983832779e-14
-512 4.377491037053138e-223 1.987299214079030e-14
-511 1.189925434026389e-222 1.976196983832779e-14
-510 3.234552684535175e-222 1.976196983832779e-14
-509 8.792425785565387e-222 1.965094753586527e-14
-508 2.390029124097714e-221 1.976196983832779e-14
-507 6.496772737522705e-221 1.987299214079030e-14
-506 1.766005927603610e-220 1.998401444325282e-14
-505 4.800501821955851e-220 1.965094753586527e-14
-504 1.304911687010713e-219 1.987299214079030e-14
-503 3.547117726545058e-219 1.965094753586527e-14
-502 9.642065659472390e-219 1.953992523340276e-14
-501 2.620985187095278e-218 1.976196983832779e-14
-500 7.124576406741424e-218 1.953992523340276e-14
-499 1.936660658191325e-217 1.953992523340276e-14
-498 5.264389475053013e-217 1.942890293094024e-14
-497 1.431009424796766e-216 1.942890293094024e-14
-496 3.889886915778680e-216 1.953992523340276e-14
-495 1.057380891792178e-215 1.931788062847772e-14
-494 2.874259263918498e-215 1.920685832601521e-14
-493 7.813046727389723e-215 1.898481372109018e-14
-492 2.123806294396490e-214 1.898481372109018e-14
-491 5.773104057224921e-214 1.942890293094024e-14
-490 1.569292385255769e-213 1.909583602355269e-14
-489 4.265778974379907e-213 1.920685832601521e-14
-488 1.159558947027956e-212 1.887379141862766e-14
-487 3.152008014733198e-212 1.876276911616515e-14
-486 8.568046109606524e-212 1.898481372109018e-14
-485 2.329036404514263e-211 1.865174681370263e-14
-484 6.330977336210711e-211 1.898481372109018e-14
-483 1.720938064940762e-210 1.887379141862766e-14
-482 4.677994669831947e-210 1.876276911616515e-14
-481 1.271610790463245e-209 1.842970220877760e-14
-480 3.456596504588682e-209 1.876276911616515e-14
-479 9.396003466738464e-209 1.842970220877760e-14
-478 2.554098548377336e-208 1.842970220877760e-14
-477 6.942759672147739e-208 1.854072451124011e-14
-476 1.887237745615747e-207 1.831867990631508e-14
-475 5.130044069889302e-207 1.876276911616515e-14
-474 1.394490557437417e-206 1.865174681370263e-14
-473 3.790618342239854e-206 1.820765760385257e-14
-472 1.030396895833415e-205 1.842970220877760e-14
-471 2.800909158044579e-205 1.820765760385257e-14
-470 7.613660467477102e-205 1.820765760385257e-14
-469 2.069607489680001e-204 1.831867990631508e-14
-468 5.625776431239887e-204 1.820765760385257e-14
-467 1.529244584401256e-203 1.831867990631508e-14
-466 4.156917765047339e-203 1.809663530139005e-14
-465 1.129967402312677e-202 1.820765760385257e-14
-464 3.071569856457620e-202 1.798561299892754e-14
-463 8.349392525651305e-202 1.776356839400250e-14
-462 2.269600198114972e-201 1.787459069646502e-14
-461 6.169412976402978e-201 1.798561299892754e-14
-460 1.677020318601564e-200 1.765254609153999e-14
-459 4.558613858011231e-200 1.776356839400250e-14
-458 1.239159721319351e-199 1.776356839400250e-14
-457 3.368385353020766e-199 1.765254609153999e-14
-456 9.156220696363957e-199 1.787459069646502e-14
-455 2.488918833628676e-198 1.765254609153999e-14
-454 6.765582837962313e-198 1.754152378907747e-14
-453 1.839076088736733e-197 1.765254609153999e-14
-452 4.999127113166596e-197 1.754152378907747e-14
-451 1.358903638987768e-196 1.754152378907747e-14
-450 3.693883068487321e-196 1.754152378907747e-14
-449 1.004101522152162e-195 1.743050148661496e-14
-448 2.729430921594290e-195 1.743050148661496e-14
-447 7.419362476203982e-195 1.720845688168993e-14
-446 2.016791819781620e-194 1.754152378907747e-14
-445 5.482208555497226e-194 1.731947918415244e-14
-444 1.490218789623082e-193 1.709743457922741e-14
-443 4.050834656260656e-193 1.720845688168993e-14
-442 1.101131023620549e-192 1.754152378907747e-14
-441 2.993184452260244e-192 1.698641227676490e-14
-440 8.136318905805162e-192 1.698641227676490e-14
-439 2.211680783219795e-191 1.698641227676490e-14
-438 6.011971683378439e-191 1.720845688168993e-14
-437 1.634223338013795e-190 1.709743457922741e-14
-436 4.442279603366581e-190 1.709743457922741e-14
-435 1.207536792276564e-189 1.720845688168993e-14
-434 3.282425319641107e-189 1.709743457922741e-14
-433 8.922557099654294e-189 1.698641227676490e-14
-432 2.425402482737850e-188 1.665334536937735e-14
-431 6.592927495525751e-188 1.665334536937735e-14
-430 1.792143500743565e-187 1.665334536937735e-14
-429 4.871551112062214e-187 1.676436767183986e-14
-428 1.324224886432817e-186 1.665334536937735e-14
-427 3.599616445583569e-186 1.665334536937735e-14
-426 9.784771973452150e-186 1.654232306691483e-14
-425 2.659776785105033e-185 1.654232306691483e-14
-424 7.230022902708231e-185 1.643130076445232e-14
-423 1.965323987577450e-184 1.632027846198980e-14
-422 5.342304482466454e-184 1.665334536937735e-14
-421 1.452188919678386e-183 1.643130076445232e-14
-420 3.947458751851329e-183 1.632027846198980e-14
-419 1.073030539374909e-182 1.632027846198980e-14
-418 2.916799416564423e-182 1.632027846198980e-14
-417 7.928682851307017e-182 1.620925615952729e-14
-416 2.155239451832271e-181 1.620925615952729e-14
-415 5.858548237893696e-181 1.587618925213974e-14
-414 1.592518521621719e-180 1.609823385706477e-14
-413 4.328914158808783e-180 1.598721155460225e-14
-412 1.176720869484899e-179 1.598721155460225e-14
-411 3.198658956689328e-179 1.609823385706477e-14
-410 8.694856517406368e-179 1.587618925213974e-14
-409 2.363507047232443e-178 1.587618925213974e-14
-408 6.424678257926844e-178 1.598721155460225e-14
-407 1.746408616221845e-177 1.576516694967722e-14
-406 4.747230806540150e-177 1.609823385706477e-14
-405 1.290431123691906e-176 1.587618925213974e-14
-404 3.507755474409695e-176 1.554312234475219e-14
-403 9.535067964765611e-176 1.554312234475219e-14
-402 2.591900198174433e-175 1.576516694967722e-14
-401 7.045515209876960e-175 1.565414464721471e-14
-400 1.915169596714035e-174 1.543210004228968e-14
-399 5.205970713165000e-174 1.532107773982716e-14
-398 1.415129558908639e-173 1.532107773982716e-14
-397 3.846720964896619e-173 1.554312234475219e-14
-396 1.045647169803092e-172 1.521005543736464e-14
-395 2.842363700655376e-172 1.532107773982716e-14
-394 7.726345597363112e-172 1.532107773982716e-14
-393 2.100238483770669e-171 1.532107773982716e-14
-392 5.709040105864187e-171 1.509903313490213e-14
-391 1.551877997771452e-170 1.521005543736464e-14
-390 4.218441761327546e-170 1.521005543736464e-14
-389 1.146691358422944e-169 1.509903313490213e-14
-388 3.117030282452105e-169 1.509903313490213e-14
-387 8.472966775546123e-169 1.498801083243961e-14
-386 2.303191161910425e-168 1.487698852997710e-14
-385 6.260722682888584e-168 1.487698852997710e-14
-384 1.701840870191740e-167 1.487698852997710e-14
-383 4.626083112371135e-167 1.476596622751458e-14
-382 1.257499766129972e-166 1.498801083243961e-14
-381 3.418238763562602e-166 1.476596622751458e-14
-380 9.291736316326534e-166 1.465494392505207e-14
-379 2.525755798350341e-165 1.487698852997710e-14
-378 6.865716089780801e-165 1.498801083243961e-14
-377 1.866295128621004e-164 1.487698852997710e-14
-376 5.073116134672112e-164 1.487698852997710e-14
-375 1.379015940254159e-163 1.454392162258955e-14
-374 3.748553971548245e-163 1.465494392505207e-14
-373 1.018962614385758e-162 1.476596622751458e-14
-372 2.769827558563926e-162 1.443289932012704e-14
-371 7.529171920409404e-162 1.454392162258955e-14
-370 2.046641121459298e-161 1.465494392505207e-14
-369 5.563347369839849e-161 1.432187701766452e-14
-368 1.512274606084109e-160 1.443289932012704e-14
-367 4.110788581358493e-160 1.432187701766452e-14
-366 1.117428190134373e-159 1.421085471520200e-14
-365 3.037484743850144e-159 1.409983241273949e-14
-364 8.256739583429425e-159 1.421085471520200e-14
-363 2.244414517195471e-158 1.421085471520200e-14
-362 6.100951197622130e-158 1.421085471520200e-14
-361 1.658410477681169e-157 1.398881011027697e-14
-360 4.508027065606805e-157 1.409983241273949e-14
-359 1.225408805464053e-156 1.398881011027697e-14
-358 3.331006488326641e-156 1.409983241273949e-14
-357 9.054614407697483e-156 1.398881011027697e-14
-356 2.461299380814753e-155 1.398881011027697e-14
-355 6.690505381266241e-155 1.376676550535194e-14
-354 1.818667920110348e-154 1.387778780781446e-14
-353 4.943651959237365e-154 1.365574320288943e-14
-352 1.343823928702088e-153 1.365574320288943e-14
-351 3.652892166039330e-153 1.354472090042691e-14
-350 9.929590396265115e-153 1.365574320288943e-14
-349 2.699142513820891e-152 1.365574320288943e-14
-348 7.337030047740594e-152 1.332267629550188e-14
-347 1.994411545363126e-151 1.376676550535194e-14
-346 5.421372662229509e-151 1.365574320288943e-14
-345 1.473681879304311e-150 1.343369859796439e-14
-344 4.005882673442284e-150 1.343369859796439e-14
-343 1.088911807815710e-149 1.332267629550188e-14
-342 2.959969179979933e-149 1.332267629550188e-14
-341 8.046030434738271e-149 1.321165399303936e-14
-340 2.187137832197747e-148 1.332267629550188e-14
-339 5.945257025598446e-148 1.343369859796439e-14
-338 1.616088413820272e-147 1.321165399303936e-14
-337 4.392983768470848e-147 1.310063169057685e-14
-336 1.194136795054984e-146 1.298960938811433e-14
-335 3.246000350692287e-146 1.298960938811433e-14
-334 8.823543768458531e-146 1.287858708565182e-14
-333 2.398487868841387e-145 1.310063169057685e-14
-332 6.519765989651003e-145 1.265654248072678e-14
-331 1.772256141547363e-144 1.287858708565182e-14
-330 4.817491664943138e-144 1.287858708565182e-14
-329 1.309530005156784e-143 1.265654248072678e-14
-328 3.559671616839566e-143 1.276756478318930e-14
-327 9.676190671336420e-143 1.265654248072678e-14
-326 2.630261327059872e-142 1.287858708565182e-14
-325 7.149791569445423e-142 1.265654248072678e-14
-324 1.943514850049317e-141 1.243449787580175e-14
-323 5.283021100229365e-141 1.254552017826427e-14
-322 1.436074025611920e-140 1.265654248072678e-14
-321 3.903653928142910e-140 1.243449787580175e-14
-320 1.061123153746364e-139 1.243449787580175e-14
-319 2.884431786585896e-139 1.243449787580175e-14
-318 7.840698510906098e-139 1.232347557333924e-14
-317 2.131322828462194e-138 1.232347557333924e-14
-316 5.793536115188717e-138 1.232347557333924e-14
-315 1.574846394443870e-137 1.232347557333924e-14
-314 4.280876336631018e-137 1.232347557333924e-14
-313 1.163662835574442e-136 1.210143096841421e-14
-312 3.163163540395132e-136 1.232347557333924e-14
-311 8.598369972300264e-136 1.210143096841421e-14
-310 2.337279285007172e-135 1.210143096841421e-14
-309 6.353383808468743e-135 1.187938636348917e-14
-308 1.727028775578651e-134 1.221245327087672e-14
-307 4.694550937881322e-134 1.210143096841421e-14
-306 1.276111250721816e-133 1.199040866595169e-14
-305 3.468830023929258e-133 1.199040866595169e-14
-304 9.429257620060055e-133 1.176836406102666e-14
-303 2.563137964446823e-132 1.176836406102666e-14
-302 6.967331352589305e-132 1.165734175856414e-14
-301 1.893917020859649e-131 1.176836406102666e-14
-300 5.148200222412074e-131 1.165734175856414e-14
-299 1.399425911385156e-130 1.176836406102666e-14
-298 3.804034025193006e-130 1.154631945610163e-14
-297 1.034043656552207e-129 1.165734175856414e-14
-296 2.810822081439209e-129 1.143529715363911e-14
-295 7.640606587007632e-129 1.143529715363911e-14
-294 2.076932204386733e-128 1.154631945610163e-14
-293 5.645687070125844e-128 1.143529715363911e-14
-292 1.534656857188927e-127 1.121325254871408e-14
-291 4.171629847816728e-127 1.143529715363911e-14
-290 1.133966561037758e-126 1.110223024625157e-14
-289 3.082440696949133e-126 1.132427485117660e-14
-288 8.378942533819462e-126 1.110223024625157e-14
-287 2.277632723138403e-125 1.121325254871408e-14
-286 6.191247643210813e-125 1.099120794378905e-14
-285 1.682955596402985e-124 1.121325254871408e-14
-284 4.574747615805687e-124 1.099120794378905e-14
-283 1.243545331383094e-123 1.121325254871408e-14
-282 3.380306677163746e-123 1.088018564132653e-14
-281 9.188626215152986e-123 1.076916333886402e-14
-280 2.497727566915278e-122 1.099120794378905e-14
-279 6.789527457587023e-122 1.076916333886402e-14
-278 1.845584911178254e-121 1.088018564132653e-14
-277 5.016819926934050e-121 1.076916333886402e-14
-276 1.363713044403606e-120 1.076916333886402e-14
-275 3.706956387834886e-120 1.076916333886402e-14
-274 1.007655218794175e-119 1.065814103640150e-14
-273 2.739090870600129e-119 1.065814103640150e-14
-272 7.445620940050398e-119 1.065814103640150e-14
-271 2.023929610293315e-118 1.043609643147647e-14
-270 5.501611081740514e-118 1.043609643147647e-14
-269 1.495492943074415e-117 1.054711873393899e-14
-268 4.065171291747920e-117 1.043609643147647e-14
-267 1.105028125193175e-116 1.043609643147647e-14
-266 3.003777872648776e-116 1.054711873393899e-14
-265 8.165114807948534e-116 1.021405182655144e-14
-264 2.219508320972837e-115 1.032507412901396e-14
-263 6.033249137014107e-115 1.021405182655144e-14
-262 1.640007149571166e-114 1.010302952408892e-14
-261 4.458001633222217e-114 1.021405182655144e-14
-260 1.211810483082870e-113 1.010302952408892e-14
-259 3.294042415700342e-113 1.021405182655144e-14
-258 8.954135640771575e-113 9.880984919163893e-15
-257 2.433986420186686e-112 1.010302952408892e-14
-256 6.616261056709551e-112 9.880984919163893e-15
-255 1.798486220279481e-111 9.880984919163893e-15
-254 4.888792411319706e-111 9.992007221626409e-15
-253 1.328911557479883e-110 9.769962616701378e-15
-252 3.612356138326774e-110 9.658940314238862e-15
-251 9.819402048736162e-110 9.880984919163893e-15
-250 2.669190215541303e-109 9.880984919163893e-15
-249 7.255611259606605e-109 9.769962616701378e-15
-248 1.972279624135148e-108 9.992007221626409e-15
-247 5.361211862926608e-108 9.769962616701378e-15
-246 1.457328478551246e-107 9.769962616701378e-15
-245 3.961429521341720e-107 9.658940314238862e-15
-244 1.076828188258441e-106 9.658940314238862e-15
-243 2.927122496515396e-106 9.769962616701378e-15
-242 7.956743891951476e-106 9.436895709313831e-15
-241 2.162867233519420e-105 9.436895709313831e-15
-240 5.879282698245324e-105 9.325873406851315e-15
-239 1.598154732301393e-104 9.325873406851315e-15
-238 4.344234967880706e-104 9.325873406851315e-15
-237 1.180885497174649e-103 9.214851104388799e-15
-236 3.209979588460672e-103 9.103828801926284e-15
-235 8.725629185037092e-103 9.325873406851315e-15
-234 2.371871925555823e-102 9.214851104388799e-15
-233 6.447416354670559e-102 9.214851104388799e-15
-232 1.752589471741064e-101 9.103828801926284e-15
-231 4.764032113782370e-101 8.770761894538737e-15
-230 1.294998192508995e-100 9.214851104388799e-15
-229 3.520170054584510e-100 8.992806499463768e-15
-228 9.568814292462759e-100 8.881784197001252e-15
-227 2.601073401110071e-99 8.881784197001252e-15
-226 7.070450560725671e-99 8.881784197001252e-15
-225 1.921947727823866e-98 8.770761894538737e-15
-224 5.224395583791766e-98 8.881784197001252e-15
-223 1.420137958010284e-97 8.548717289613705e-15
-222 3.860335205164290e-97 8.770761894538737e-15
-221 1.049347903995881e-96 8.770761894538737e-15
-220 2.852423339163589e-96 8.437694987151190e-15
-219 7.753690529920860e-96 8.770761894538737e-15
-218 2.107671607097885e-95 8.659739592076221e-15
-217 5.729245429933252e-95 8.215650382226158e-15
-216 1.557370374296959e-94 8.326672684688674e-15
-215 4.233371588631885e-94 8.437694987151190e-15
-214 1.150749706249285e-93 8.326672684688674e-15
-213 3.128062015602017e-93 8.437694987151190e-15
-212 8.502954135303938e-93 8.437694987151190e-15
-211 2.311342571421739e-92 8.437694987151190e-15
-210 6.282880511239514e-92 8.215650382226158e-15
-209 1.707863992408185e-91 8.326672684688674e-15
-208 4.642455656042685e-91 8.215650382226158e-15
-207 1.261950284924774e-90 7.993605777301127e-15
-206 3.430336527929729e-90 7.993605777301127e-15
-205 9.324621449370678e-90 8.215650382226158e-15
-204 2.534694904308375e-89 7.660538869913580e-15
-203 6.890015099069195e-89 7.882583474838611e-15
-202 1.872900284160824e-88 7.882583474838611e-15
-201 5.091070808950149e-88 7.660538869913580e-15
-200 1.383896526736748e-87 7.771561172376096e-15
-199 3.761820781096090e-87 7.660538869913580e-15
-198 1.022568907117311e-86 7.882583474838611e-15
-197 2.779630478564212e-86 7.549516567451064e-15
-196 7.555819019712018e-86 7.549516567451064e-15
-195 2.053884554040841e-85 7.660538869913580e-15
-194 5.583037061001930e-85 7.771561172376096e-15
-193 1.517626819053494e-84 7.549516567451064e-15
-192 4.125337404615215e-84 7.327471962526033e-15
-191 1.121382970322794e-83 7.327471962526033e-15
-190 3.048234950971880e-83 7.549516567451064e-15
-189 8.285961676100609e-83 7.549516567451064e-15
-188 2.252357905545234e-82 7.327471962526033e-15
-187 6.122543565829682e-82 7.216449660063518e-15
-186 1.664279891894368e-81 7.549516567451064e-15
-185 4.523981787606242e-81 7.216449660063518e-15
-184 1.229745748552972e-80 7.327471962526033e-15
-183 3.342795521916309e-80 7.216449660063518e-15
-182 9.086660323479373e-80 7.216449660063518e-15
-181 2.470010363869377e-79 7.105427357601002e-15
-180 6.714184288211640e-79 6.994405055138486e-15
-179 1.825104514357093e-78 7.216449660063518e-15
-178 4.961148436415457e-78 6.994405055138486e-15
-177 1.348579964299614e-77 7.105427357601002e-15
-176 3.665820411179588e-77 6.883382752675971e-15
-175 9.964733010103741e-77 6.883382752675971e-15
-174 2.708695266681100e-76 6.772360450213455e-15
-173 7.362997122252262e-76 6.883382752675971e-15
-172 2.001470128041456e-75 6.772360450213455e-15
-171 5.440559879258689e-75 6.661338147750939e-15
-170 1.478897505643223e-74 6.661338147750939e-15
-169 4.020060215743382e-74 6.661338147750939e-15
-168 1.092765663376638e-73 6.439293542825908e-15
-167 2.970445045520710e-73 6.328271240363392e-15
-166 8.074506789675148e-73 6.661338147750939e-15
-165 2.194878508014314e-72 6.661338147750939e-15
-164 5.966298364010608e-72 6.439293542825908e-15
-163 1.621808042605497e-71 6.439293542825908e-15
-162 4.408531331463254e-71 6.217248937900877e-15
-161 1.198363060850892e-70 6.328271240363392e-15
-160 3.257488532207542e-70 6.328271240363392e-15
-159 8.854771883513488e-70 6.217248937900877e-15
-158 2.406976550610479e-69 6.217248937900877e-15
-157 6.542840619051497e-69 6.106226635438361e-15
-156 1.778528476127141e-68 5.995204332975845e-15
-155 4.834541638053366e-68 6.328271240363392e-15
-154 1.314164668364909e-67 5.995204332975845e-15
-153 3.572269937619239e-67 6.106226635438361e-15
-152 9.710436457780905e-67 6.106226635438361e-15
-151 2.639570296959205e-66 5.995204332975845e-15
-150 7.175095973164454e-66 5.995204332975845e-15
-149 1.950393300130260e-65 6.106226635438361e-15
-148 5.301718666092354e-65 5.773159728050814e-15
-147 1.441156550964098e-64 5.884182030513330e-15
-146 3.917469664450418e-64 5.884182030513330e-15
-145 1.064878660241512e-63 5.662137425588298e-15
-144 2.894640311648316e-63 5.551115123125783e-15
-143 7.868448159078646e-63 5.440092820663267e-15
-142 2.138865964899551e-62 5.440092820663267e-15
-141 5.814040485895972e-62 5.662137425588298e-15
-140 1.580420060273621e-61 5.218048215738236e-15
-139 4.296027131173934e-61 5.329070518200751e-15
-138 1.167781248523715e-60 5.329070518200751e-15
-137 3.174358547477230e-60 5.218048215738236e-15
-136 8.628801156621003e-60 5.107025913275720e-15
-135 2.345551338542927e-59 5.329070518200751e-15
-134 6.375869581279027e-59 5.218048215738236e-15
-133 1.733141042341556e-58 5.329070518200751e-15
-132 4.711165801553621e-58 5.107025913275720e-15
-131 1.280627638922090e-57 5.107025913275720e-15
-130 3.481106839904328e-57 4.996003610813204e-15
-129 9.462629465836426e-57 4.996003610813204e-15
-128 2.572209372642427e-56 4.884981308350689e-15
-127 6.991989996645952e-56 4.884981308350689e-15
-126 1.900619935265011e-55 5.107025913275720e-15
-125 5.166420632837886e-55 4.884981308350689e-15
-124 1.404378732441910e-54 4.773959005888173e-15
-123 3.817497188671193e-54 4.884981308350689e-15
-122 1.037703323815840e-53 4.996003610813204e-15
-121 2.820770088460149e-53 4.884981308350689e-15
-120 7.667648073722037e-53 4.884981308350689e-15
-119 2.084282842581761e-52 4.662936703425657e-15
-118 5.665668176358966e-52 4.884981308350689e-15
-117 1.540088284987528e-51 4.773959005888173e-15
-116 4.186393999304251e-51 4.662936703425657e-15
-115 1.137979873507874e-50 4.773959005888173e-15
-114 3.093350011308575e-50 4.551914400963142e-15
-113 8.408597124803681e-50 4.551914400963142e-15
-112 2.285693676718682e-49 4.440892098500626e-15
-111 6.213159586848136e-49 4.440892098500626e-15
-110 1.688911880224540e-48 4.329869796038111e-15
-109 4.590938473882965e-48 4.218847493575595e-15
-108 1.247946462912957e-47 4.329869796038111e-15
-107 3.392270193026030e-47 4.440892098500626e-15
-106 9.221146422925913e-47 3.996802888650564e-15
-105 2.506567475899964e-46 4.218847493575595e-15
-104 6.813556821545326e-46 4.107825191113079e-15
-103 1.852116769517983e-45 3.996802888650564e-15
-102 5.034575358765003e-45 4.218847493575595e-15
-101 1.368539471173858e-44 3.996802888650564e-15
-100 3.720075976020851e-44 3.996802888650564e-15
 -99 1.011221492610453e-43 3.885780586188048e-15
 -98 2.748785007910226e-43 3.885780586188048e-15
 -97 7.471972337343018e-43 3.663735981263017e-15
 -96 2.031092662734819e-42 3.774758283725532e-15
 -95 5.521082277028553e-42 3.663735981263017e-15
 -94 1.500785762707400e-41 3.774758283725532e-15
 -93 4.079558667177575e-41 3.663735981263017e-15
 -92 1.108939019312140e-40 3.441691376337985e-15
 -91 3.014408785065386e-40 3.774758283725532e-15
 -90 8.194012623990546e-40 3.774758283725532e-15
 -89 2.227363561795752e-39 3.552713678800501e-15
 -88 6.054601895401208e-39 3.663735981263017e-15
 -87 1.645811431082279e-38 3.441691376337985e-15
 -86 4.473779306181136e-38 3.330669073875470e-15
 -85 1.216099299252830e-37 3.441691376337985e-15
 -84 3.305700626760746e-37 3.441691376337985e-15
 -83 8.985825944049411e-37 3.330669073875470e-15
 -82 2.442600737740536e-36 3.330669073875470e-15
 -81 6.639677199580756e-36 3.219646771412954e-15
 -80 1.804851387845421e-35 3.108624468950438e-15
 -79 4.906094730649296e-35 2.997602166487923e-15
 -78 1.333614815502265e-34 2.997602166487923e-15
 -77 3.625140919143570e-34 3.108624468950438e-15
 -76 9.854154686111287e-34 2.997602166487923e-15
 -75 2.678636961808086e-33 2.886579864025407e-15
 -74 7.281290178321665e-33 2.997602166487923e-15
 -73 1.979259877946910e-32 2.775557561562891e-15
 -72 5.380186160021154e-32 2.886579864025407e-15
 -71 1.462486227251235e-31 2.886579864025407e-15
 -70 3.975449735908658e-31 2.886579864025407e-15
 -69 1.080639277707281e-30 2.553512956637860e-15
 -68 2.937482111710811e-30 2.664535259100376e-15
 -67 7.984904245687000e-30 2.664535259100376e-15
 -66 2.170522011303645e-29 2.553512956637860e-15
 -65 5.900090541597077e-29 2.664535259100376e-15
 -64 1.603810890548642e-28 2.331468351712829e-15
 -63 4.359610000063092e-28 2.442490654175344e-15
 -62 1.185064864233984e-27 2.553512956637860e-15
 -61 3.221340285992524e-27 2.442490654175344e-15
 -60 8.756510762696540e-27 2.331468351712829e-15
 -59 2.380266408694406e-26 2.442490654175344e-15
 -58 6.470234925645477e-26 2.664535259100376e-15
 -57 1.758792202424316e-25 2.331468351712829e-15
 -56 4.780892883885480e-25 2.331468351712829e-15
 -55 1.299581425007506e-24 2.109423746787797e-15
 -54 3.532628572200815e-24 2.331468351712829e-15
 -53 9.602680054508698e-24 2.331468351712829e-15
 -52 2.610279069667710e-23 2.109423746787797e-15
 -51 7.095474162284720e-23 2.331468351712829e-15
 -50 1.928749847963922e-22 2.109423746787797e-15
 -49 5.242885663363474e-22 1.998401444325282e-15
 -48 1.425164082740938e-21 1.887379141862766e-15
 -47 3.873997628687194e-21 1.887379141862766e-15
 -46 1.053061735755383e-20 1.887379141862766e-15
 -45 2.862518580549399e-20 1.887379141862766e-15
 -44 7.781132241133810e-20 1.665334536937735e-15
 -43 2.115131037591084e-19 1.776356839400250e-15
 -42 5.749522264293570e-19 1.665334536937735e-15
 -41 1.562882189334991e-18 1.554312234475219e-15
 -40 4.248354255291596e-18 1.665334536937735e-15
 -39 1.154822417301580e-17 1.443289932012704e-15
 -38 3.139132792048035e-17 1.554312234475219e-15
 -37 8.533047625744078e-17 1.443289932012704e-15
 -36 2.319522830243573e-16 1.221245327087672e-15
 -35 6.305116760146998e-16 1.443289932012704e-15
 -34 1.713908431542015e-15 1.221245327087672e-15
 -33 4.658886145103403e-15 1.221245327087672e-15
 -32 1.266416554909419e-14 1.221245327087672e-15
 -31 3.442477108469981e-14 1.110223024625157e-15
 -30 9.357622968840186e-14 1.221245327087672e-15
 -29 2.543665647376926e-13 1.443289932012704e-15
 -28 6.914400106940210e-13 9.992007221626409e-16
 -27 1.879528816539086e-12 1.332267629550188e-15
 -26 5.109089028063331e-12 1.110223024625157e-15
 -25 1.388794386496403e-11 8.881784197001252e-16
 -24 3.775134544279102e-11 9.992007221626409e-16
 -23 1.026187963170190e-10 8.881784197001252e-16
 -22 2.789468092868928e-10 1.110223024625157e-15
 -21 7.582560427911914e-10 9.992007221626409e-16
 -20 2.061153622438560e-09 7.771561172376096e-16
 -19 5.602796437537273e-09 8.881784197001252e-16
 -18 1.522997974471264e-08 8.881784197001252e-16
 -17 4.139937718785169e-08 6.661338147750939e-16
 -16 1.125351747192592e-07 6.661338147750939e-16
 -15 3.059023205018259e-07 5.551115123125783e-16
 -14 8.315287191035684e-07 6.661338147750939e-16
 -13 2.260329406981056e-06 5.551115123125783e-16
 -12 6.144212353328212e-06 4.440892098500626e-16
 -11 1.670170079024567e-05 5.551115123125783e-16
 -10 4.539992976248487e-05 4.440892098500626e-16
  -9 1.234098040866796e-04 2.220446049250313e-16
  -8 3.354626279025120e-04 3.330669073875470e-16
  -7 9.118819655545165e-04 2.220446049250313e-16
  -6 2.478752176666359e-03 3.330669073875470e-16
  -5 6.737946999085469e-03 2.220446049250313e-16
  -4 1.831563888873418e-02 2.220446049250313e-16
  -3 4.978706836786395e-02 1.110223024625157e-16
  -2 1.353352832366127e-01 0.000000000000000e+00
  -1 3.678794411714423e-01 0.000000000000000e+00
